Gain DAC	Relative gain
0	1
1	1.00414595613588
2	1.00828505367635
3	1.01241733041419
4	1.01654282414217
5	1.02066157265306
6	1.02477361373965
7	1.02887898519472
8	1.03297772481103
9	1.03706987038136
10	1.04115545969849
11	1.04523453055521
12	1.04930712074427
13	1.05337326805846
14	1.05743301029056
15	1.06148638523334
16	1.06553343067958
17	1.06957418442206
18	1.07360868425354
19	1.07763696796682
20	1.08165907335466
21	1.08567503820983
22	1.08968490032513
23	1.09368869749332
24	1.09768646750717
25	1.10167824815948
26	1.105664077243
27	1.10964399255053
28	1.11361803187483
29	1.11758623300868
30	1.12154863374486
31	1.12550527187614
32	1.1294561851953
33	1.13340141149512
34	1.13734098856838
35	1.14127495420784
36	1.14520334620629
37	1.1491262023565
38	1.15304356045125
39	1.15695545828332
40	1.16086193364548
41	1.1647630243305
42	1.16865876813117
43	1.17254920284026
44	1.17643436625055
45	1.18031429615481
46	1.18418903034582
47	1.18805860661635
48	1.19192306275919
49	1.19578243656711
50	1.19963676583288
51	1.20348608834929
52	1.2073304419091
53	1.2111698643051
54	1.21500439333005
55	1.21883406677675
56	1.22265892243796
57	1.22647899810646
58	1.23029433157502
59	1.23410496063643
60	1.23791092308345
61	1.24171225670887
62	1.24550899930547
63	1.24930118866601
64	1.25308886258328
65	1.25687205885004
66	1.26065081525909
67	1.26442516960318
68	1.26819515967511
69	1.27196082326765
70	1.27572219817356
71	1.27947932218564
72	1.28323223309665
73	1.28698096869937
74	1.29072556678658
75	1.29446606515106
76	1.29820250158558
77	1.30193491388291
78	1.30566333983584
79	1.30938781723714
80	1.31310838387958
81	1.31682507755595
82	1.32053793605902
83	1.32424699718156
84	1.32795229871635
85	1.33165387845618
86	1.3353517741938
87	1.33904602372201
88	1.34273666483358
89	1.34642373532128
90	1.35010727297789
91	1.35378731559619
92	1.35746390096894
93	1.36113706688894
94	1.36480685114896
95	1.36847329154177
96	1.37213642586014
97	1.37579629189686
98	1.3794529274447
99	1.38310637029644
100	1.38675665824486
101	1.39040382908272
102	1.39404792060281
103	1.3976889705979
104	1.40132701686077
105	1.4049620971842
106	1.40859424936096
107	1.41222351118383
108	1.41584992044559
109	1.419473514939
110	1.42309433245686
111	1.42671241079192
112	1.43032778773698
113	1.43394050108481
114	1.43755058862817
115	1.44115808815986
116	1.44476303747264
117	1.4483654743593
118	1.4519654366126
119	1.45556296202533
120	1.45915808839027
121	1.46275085350017
122	1.46634129514784
123	1.46992945112603
124	1.47351535922753
125	1.47709905724511
126	1.48068058297156
127	1.48425997419964
128	1.48783726872213
129	1.49141250433181
130	1.49498571882146
131	1.49855694998384
132	1.50212623561175
133	1.50569361349795
134	1.50925912143522
135	1.51282279721634
136	1.51638467863408
137	1.51994480348122
138	1.52350320955054
139	1.52705993463481
140	1.53061501652681
141	1.53416849301931
142	1.53772040190509
143	1.54127078097694
144	1.54481966802762
145	1.54836710084991
146	1.55191311723658
147	1.55545775498042
148	1.5590010518742
149	1.5625430457107
150	1.56608377428268
151	1.56962327538294
152	1.57316158680425
153	1.57669874633937
154	1.58023479178109
155	1.58376976092219
156	1.58730369155544
157	1.59083662147361
158	1.59436858846949
159	1.59789963033585
160	1.60142978486547
161	1.60495908985112
162	1.60848758308558
163	1.61201530236162
164	1.61554228547202
165	1.61906857020957
166	1.62259419436703
167	1.62611919573718
168	1.62964361211279
169	1.63316748128665
170	1.63669084105153
171	1.64021372920021
172	1.64373618352546
173	1.64725824182006
174	1.65077994187678
175	1.65430132148841
176	1.65782241844772
177	1.66134327054748
178	1.66486391558047
179	1.66838439133947
180	1.67190473561725
181	1.67542498620659
182	1.67894518090027
183	1.68246535749107
184	1.68598555377175
185	1.6895058075351
186	1.69302615657389
187	1.69654663868089
188	1.7000672916489
189	1.70358815327067
190	1.70710926133899
191	1.71063065364664
192	1.71415236798639
193	1.71767444215101
194	1.72119691393329
195	1.72471982112599
196	1.72824320152191
197	1.7317670929138
198	1.73529153309445
199	1.73881655985664
200	1.74234221099314
201	1.74586852429673
202	1.74939553756018
203	1.75292328857627
204	1.75645181513778
205	1.75998115503748
206	1.76351134606815
207	1.76704242602257
208	1.77057443269351
209	1.77410740387375
210	1.77764137735606
211	1.78117639093323
212	1.78471248239802
213	1.78824968954322
214	1.7917880501616
215	1.79532760204593
216	1.798868382989
217	1.80241043078358
218	1.80595378322244
219	1.80949847809837
220	1.81304455320413
221	1.81659204633251
222	1.82014099527629
223	1.82369143782823
224	1.82724341178111
225	1.83079695492772
226	1.83435210506082
227	1.8379088999732
228	1.84146737745762
229	1.84502757530687
230	1.84858953131373
231	1.85215328327096
232	1.85571886897135
233	1.85928632620767
234	1.8628556927727
235	1.86642700645921
236	1.87000030505999
237	1.8735756263678
238	1.87715300817543
239	1.88073248827564
240	1.88431410446122
241	1.88789789452495
242	1.89148389625959
243	1.89507214745793
244	1.89866268591274
245	1.9022555494168
246	1.90585077576288
247	1.90944840274377
248	1.91304846815223
249	1.91665100978104
250	1.92025606542299
251	1.92386367287084
252	1.92747386991738
253	1.93108669435537
254	1.9347021839776
255	1.93832037657684
256	1.94194130994587
257	1.94556502187746
258	1.9491915501644
259	1.95282093259945
260	1.9564532069754
261	1.96008841108502
262	1.96372658272108
263	1.96736775967637
264	1.97101197974365
265	1.97465928071572
266	1.97830970038533
267	1.98196327654527
268	1.98562004698832
269	1.98928004950725
270	1.99294332189483
271	1.99660990194385
272	2.00027982744708
273	2.0039531361973
274	2.00762986598728
275	2.0113100546098
276	2.01499373985764
277	2.01868095952356
278	2.02237175140036
279	2.0260661532808
280	2.02976420295766
281	2.03346593822372
282	2.03717139687175
283	2.04088061669454
284	2.04459363548485
285	2.04831049103547
286	2.05203122113916
287	2.05575586358871
288	2.05948445617689
289	2.06321703669648
290	2.06695364294026
291	2.070694312701
292	2.07443908377147
293	2.07818799394446
294	2.08194108101274
295	2.08569838276909
296	2.08945993700628
297	2.09322578151709
298	2.09699595409429
299	2.10077049253067
300	2.104549434619
301	2.10833281815205
302	2.1121206809226
303	2.11591306072344
304	2.11970999534732
305	2.12351152258704
306	2.12731768023536
307	2.13112850608507
308	2.13494403792894
309	2.13876431355974
310	2.14258937077025
311	2.14641924735326
312	2.15025398110153
313	2.15409360980784
314	2.15793817126497
315	2.16178770326569
316	2.16564224360279
317	2.16950183006903
318	2.1733665004572
319	2.17723629256006
320	2.1811112441704
321	2.184991393081
322	2.18887677708462
323	2.19276743397405
324	2.19666340154206
325	2.20056471758143
326	2.20447141988493
327	2.20838354624534
328	2.21230113445545
329	2.21622422230801
330	2.22015284759582
331	2.22408704811164
332	2.22802686164825
333	2.23197232599843
334	2.23592347895496
335	2.23988035831061
336	2.24384300185816
337	2.24781144739039
338	2.25178573270006
339	2.25576589557996
340	2.25975197382287
341	2.26374400522156
342	2.2677420275688
343	2.27174607865737
344	2.27575619628006
345	2.27977241822963
346	2.28379478229886
347	2.28782332628053
348	2.29185808796742
349	2.29589910515229
350	2.29994641562794
351	2.30400005718712
352	2.30806006762263
353	2.31212648472724
354	2.31619934629371
355	2.32027869011484
356	2.32436455398339
357	2.32845697569215
358	2.33255599303388
359	2.33666164380137
360	2.34077396578739
361	2.34489299678472
362	2.34901877458613
363	2.3531513369844
364	2.35729072177231
365	2.36143696674263
366	2.36559010968814
367	2.36975018840162
368	2.37391724067584
369	2.37809130430357
370	2.38227241707761
371	2.38646061679071
372	2.39065594123566
373	2.39485842820524
374	2.39906811549221
375	2.40328504088937
376	2.40750924218947
377	2.41174075718531
378	2.41597962366965
379	2.42022587943528
380	2.42447956227496
381	2.42874070998148
382	2.43300936034761
383	2.43728555116612
384	2.44156932022981
385	2.44586070533143
386	2.45015974426377
387	2.4544664748196
388	2.4587809347917
389	2.46310316197285
390	2.46743319415582
391	2.47177106913339
392	2.47611682469834
393	2.48047049864343
394	2.48483212876146
395	2.48920175284519
396	2.4935794086874
397	2.49796513408086
398	2.50235896681836
399	2.50676094469267
400	2.51117110549657
401	2.51558948702283
402	2.52001612706423
403	2.52445106341354
404	2.52889433386355
405	2.53334597620702
406	2.53780602823673
407	2.54227452774547
408	2.54675151252601
409	2.55123702037112
410	2.55573108907358
411	2.56023375642616
412	2.56474506022165
413	2.56926503825282
414	2.57379372831244
415	2.57833116819329
416	2.58287739568816
417	2.5874324485898
418	2.59199636469101
419	2.59656918178456
420	2.60115093766322
421	2.60574167011976
422	2.61034141694698
423	2.61495021593764
424	2.61956810488452
425	2.62419512158039
426	2.62883130381803
427	2.63347668939023
428	2.63813131608975
429	2.64279522170936
430	2.64746844404186
431	2.65215102088001
432	2.65684299001659
433	2.66154438924438
434	2.66625525635615
435	2.67097562914468
436	2.67570554540274
437	2.68044504292312
438	2.68519415949859
439	2.68995293292192
440	2.69472140098589
441	2.69949960148328
442	2.70428757220686
443	2.70908535094941
444	2.71389297550371
445	2.71871048366254
446	2.72353791321866
447	2.72837530196486
448	2.73322268769391
449	2.73808010819859
450	2.74294760127167
451	2.74782520470593
452	2.75271295629416
453	2.75761089382911
454	2.76251905510358
455	2.76743747791034
456	2.77236620004215
457	2.77730525929181
458	2.78225469345208
459	2.78721454031575
460	2.79218483767558
461	2.79716562332436
462	2.80215693505486
463	2.80715881065986
464	2.81217128793213
465	2.81719440466445
466	2.8222281986496
467	2.82727270768035
468	2.83232796954949
469	2.83739402204977
470	2.84247090297399
471	2.84755865011492
472	2.85265730126534
473	2.85776689421801
474	2.86288746676573
475	2.86801905670126
476	2.87316170181738
477	2.87831543990686
478	2.88348030876249
479	2.88865634617704
480	2.89384358994329
481	2.899042077854
482	2.90425184770197
483	2.90947293727996
484	2.91470538438076
485	2.91994922679713
486	2.92520450232186
487	2.93047124874771
488	2.93574950386748
489	2.94103930547392
490	2.94634069135983
491	2.95165369931797
492	2.95697836714113
493	2.96231473262208
494	2.96766283355359
495	2.97302270772844
496	2.97839439293941
497	2.98377792697927
498	2.98917334764081
499	2.99458069271679
500	3
501	3.00543130728321
502	3.01087465235919
503	3.01633007302073
504	3.02179760706059
505	3.02727729227156
506	3.03276916644641
507	3.03827326737793
508	3.04378963285887
509	3.04931830068203
510	3.05485930864017
511	3.06041269452608
512	3.06597849613253
513	3.07155675125229
514	3.07714749767815
515	3.08275077320287
516	3.08836661561924
517	3.09399506272004
518	3.09963615229803
519	3.105289922146
520	3.11095641005671
521	3.11663565382296
522	3.12232769123751
523	3.12803256009314
524	3.13375029818262
525	3.13948094329874
526	3.14522453323427
527	3.15098110578199
528	3.15675069873466
529	3.16253334988508
530	3.16832909702601
531	3.17413797795023
532	3.17996003045052
533	3.18579529231965
534	3.1916438013504
535	3.19750559533555
536	3.20338071206787
537	3.20926918934014
538	3.21517106494514
539	3.22108637667564
540	3.22701516232442
541	3.23295745968425
542	3.23891330654792
543	3.24488274070819
544	3.25086579995785
545	3.25686252208967
546	3.26287294489642
547	3.26889710617089
548	3.27493504370584
549	3.28098679529407
550	3.28705239872833
551	3.29313189180142
552	3.2992253123061
553	3.30533269803515
554	3.31145408678134
555	3.31758951633747
556	3.32373902449629
557	3.32990264905059
558	3.33608042779314
559	3.34227239851672
560	3.34847859901411
561	3.35469906707809
562	3.36093384050142
563	3.36718295707688
564	3.37344645459726
565	3.37972437085532
566	3.38601674364385
567	3.39232361075562
568	3.39864500998341
569	3.40498097911999
570	3.41133155595814
571	3.41769677829064
572	3.42407668391026
573	3.43047131060977
574	3.43688069618197
575	3.44330487841961
576	3.44974389511549
577	3.45619778406236
578	3.46266658305302
579	3.46915032988024
580	3.47564906233679
581	3.48216281821544
582	3.48869163530899
583	3.4952355514102
584	3.50179460431185
585	3.50836883180671
586	3.51495827168756
587	3.52156296174718
588	3.52818293977835
589	3.53481824357384
590	3.54146891092643
591	3.54813497962888
592	3.55481648747399
593	3.56151347225453
594	3.56822597176327
595	3.57495402379298
596	3.58169766613646
597	3.58845693658646
598	3.59523187293577
599	3.60202251297717
600	3.60882889450343
601	3.61565105530733
602	3.62248903318164
603	3.62934286591914
604	3.6362125913126
605	3.64309824715481
606	3.64999987123854
607	3.65691750135657
608	3.66385117530166
609	3.67080093086661
610	3.67776680584418
611	3.68474883802715
612	3.6917470652083
613	3.6987615251804
614	3.70579225573623
615	3.71283929466857
616	3.71990267977019
617	3.72698244883388
618	3.73407863965239
619	3.74119129001852
620	3.74832043772504
621	3.75546612056472
622	3.76262837633035
623	3.76980724281469
624	3.77700275781053
625	3.78421495911063
626	3.79144388450779
627	3.79868957179476
628	3.80595205876434
629	3.81323138320929
630	3.82052758292239
631	3.82784069569643
632	3.83517075932417
633	3.84251781159838
634	3.84988189031186
635	3.85726303325737
636	3.86466127822769
637	3.8720766630156
638	3.87950922541387
639	3.88695900321528
640	3.89442603421261
641	3.90191035619863
642	3.90941200696612
643	3.91693102430785
644	3.92446744601661
645	3.93202130988516
646	3.93959265370629
647	3.94718151527276
648	3.95478793237737
649	3.96241194281288
650	3.97005358437207
651	3.97771289484771
652	3.98538991203259
653	3.99308467371947
654	4.00079721770114
655	4.00852758177037
656	4.01627580371995
657	4.02404192134263
658	4.0318259724312
659	4.03962799477845
660	4.04744802617713
661	4.05528610442004
662	4.06314226729994
663	4.07101655260962
664	4.07890899814184
665	4.08681964168939
666	4.09474852104504
667	4.10269567400157
668	4.11066113835175
669	4.11864495188836
670	4.12664715240419
671	4.13466777769199
672	4.14270686554455
673	4.15076445375466
674	4.15884058011507
675	4.16693528241857
676	4.17504859845794
677	4.18318056602595
678	4.19133122291538
679	4.199500606919
680	4.2076887558296
681	4.21589570743994
682	4.22412149954281
683	4.23236616993097
684	4.24062975639721
685	4.24891229673431
686	4.25721382873503
687	4.26553439019216
688	4.27387401889847
689	4.28223275264674
690	4.29061062922975
691	4.29900768644026
692	4.30742396207107
693	4.31585949391493
694	4.32431431976464
695	4.33278847741296
696	4.34128200465268
697	4.34979493927657
698	4.3583273190774
699	4.36687918184795
700	4.375450565381
701	4.38404150746933
702	4.39265204590571
703	4.40128221848292
704	4.40993206299372
705	4.41860161723092
706	4.42729091898726
707	4.43600000605554
708	4.44472891622853
709	4.45347768729901
710	4.46224635705974
711	4.47103496330352
712	4.47984354382311
713	4.48867213641129
714	4.49752077886084
715	4.50638950896454
716	4.51527836451515
717	4.52418738330546
718	4.53311660312825
719	4.54206606177628
720	4.55103579704234
721	4.5600258467192
722	4.56903624859964
723	4.57806704047644
724	4.58711826014237
725	4.5961899453902
726	4.60528213401272
727	4.6143948638027
728	4.62352817255292
729	4.63268209805615
730	4.64185667810517
731	4.65105195049275
732	4.66026795301168
733	4.66950472345473
734	4.67876229961467
735	4.68804071928428
736	4.69734002025635
737	4.70666024032363
738	4.71600141727892
739	4.72536358891498
740	4.7347467930246
741	4.74415106740055
742	4.7535764498356
743	4.76302297812254
744	4.77249069005413
745	4.78197962342316
746	4.7914898160224
747	4.80102130564463
748	4.81057413008263
749	4.82014832712916
750	4.82974393457701
751	4.83936099021896
752	4.84899953184777
753	4.85865959725624
754	4.86834122423712
755	4.8780444505832
756	4.88776931408726
757	4.89751585254207
758	4.90728410374041
759	4.91707410547505
760	4.92688589553878
761	4.93671951172436
762	4.94657499182458
763	4.9564523736322
764	4.96635169494001
765	4.97627299354079
766	4.9862163072273
767	4.99618167379233
768	5.00616913102865
769	5.01617871672904
770	5.02621046868627
771	5.03626442469313
772	5.04634062254238
773	5.05643910002681
774	5.06655989493918
775	5.07670304507228
776	5.08686858821889
777	5.09705656217178
778	5.10726700472371
779	5.11749995366749
780	5.12775544679587
781	5.13803352190163
782	5.14833421677756
783	5.15865756921642
784	5.169003617011
785	5.17937239795407
786	5.18976394983841
787	5.20017831045678
788	5.21061551760198
789	5.22107560906677
790	5.23155862264394
791	5.24206459612625
792	5.25259356730649
793	5.26314557397743
794	5.27372065393185
795	5.28431884496252
796	5.29494018486222
797	5.30558471142373
798	5.31625246243982
799	5.32694347570327
800	5.33765778900686
801	5.34839544014336
802	5.35915646690555
803	5.3699409070862
804	5.3807487984781
805	5.39158017887401
806	5.40243508606671
807	5.41331355784899
808	5.42421563201361
809	5.43514134635336
810	5.44609073866101
811	5.45706384672933
812	5.4680607083511
813	5.47908136131911
814	5.49012584342612
815	5.50119419246491
816	5.51228644622825
817	5.52340264250894
818	5.53454281909973
819	5.54570701379341
820	5.55689526438275
821	5.56810760866053
822	5.57934408441953
823	5.59060472945252
824	5.60188958155228
825	5.61319867851159
826	5.62453205812322
827	5.63588975817994
828	5.64727181647454
829	5.65867827079979
830	5.67010915894847
831	5.68156451871335
832	5.69304438788721
833	5.70454880426283
834	5.71607780563297
835	5.72763142979043
836	5.73920971452798
837	5.75081269763838
838	5.76244041691443
839	5.77409291014888
840	5.78577021513453
841	5.79747236966415
842	5.80919941153051
843	5.82095137852639
844	5.83272830844456
845	5.84453023907781
846	5.85635720821891
847	5.86820925366063
848	5.88008641319576
849	5.89198872461706
850	5.90391622571732
851	5.91586895428931
852	5.9278469481258
853	5.93985024501958
854	5.95187888276342
855	5.9639328991501
856	5.97601233197238
857	5.98811721902306
858	6.00024759809491
859	6.01240350698069
860	6.0245849834732
861	6.03679206536519
862	6.04902479044947
863	6.06128319651878
864	6.07356732136592
865	6.08587720278366
866	6.09821287856478
867	6.11057438650205
868	6.12296176438825
869	6.13537505001616
870	6.14781428117855
871	6.16027949566819
872	6.17277073127787
873	6.18528802580036
874	6.19783141702844
875	6.21040094275489
876	6.22299664077247
877	6.23561854887397
878	6.24826670485217
879	6.26094114649983
880	6.27364191160974
881	6.28636903797467
882	6.2991225633874
883	6.3119025256407
884	6.32470896252736
885	6.33754191184014
886	6.35040141137183
887	6.3632874989152
888	6.37620021226302
889	6.38913958920808
890	6.40210566754315
891	6.415098485061
892	6.42811807955442
893	6.44116448881617
894	6.45423775063904
895	6.4673379028158
896	6.48046498313923
897	6.4936190294021
898	6.50680007939719
899	6.52000817091728
900	6.53324334175515
901	6.54650562970356
902	6.5597950725553
903	6.57311170810314
904	6.58645557413986
905	6.59982670845824
906	6.61322514885104
907	6.62665093311106
908	6.64010409903106
909	6.65358468440382
910	6.66709272702211
911	6.68062826467872
912	6.69419133516642
913	6.70778197627799
914	6.7214002258062
915	6.73504612154383
916	6.74871970128365
917	6.76242100281844
918	6.77615006394099
919	6.78990692244405
920	6.80369161612042
921	6.81750418276286
922	6.83134466016416
923	6.84521308611709
924	6.85910949841443
925	6.87303393484894
926	6.88698643321342
927	6.90096703130063
928	6.91497576690335
929	6.92901267781436
930	6.94307780182644
931	6.95717117673236
932	6.97129284032489
933	6.98544283039682
934	6.99962118474092
935	7.01382794114996
936	7.02806313741673
937	7.04232681133399
938	7.05661900069453
939	7.07093974329113
940	7.08528907691655
941	7.09966703936357
942	7.11407366842498
943	7.12850900189355
944	7.14297307756205
945	7.15746593322325
946	7.17198760666995
947	7.1865381356949
948	7.2011175580909
949	7.21572591165071
950	7.23036323416712
951	7.24502956343289
952	7.25972493724081
953	7.27444939338365
954	7.28920296965418
955	7.3039857038452
956	7.31879763374946
957	7.33363879715974
958	7.34850923186883
959	7.3634089756695
960	7.37833806635453
961	7.39329654171668
962	7.40828443954875
963	7.4233017976435
964	7.43834865379371
965	7.45342504579216
966	7.46853101143162
967	7.48366658850488
968	7.4988318148047
969	7.51402672812386
970	7.52925136625514
971	7.54450576699132
972	7.55978996812517
973	7.57510400744947
974	7.590447922757
975	7.60582175184052
976	7.62122553249283
977	7.63665930250668
978	7.65212309967487
979	7.66761696179017
980	7.68314092664535
981	7.69869503203318
982	7.71427931574646
983	7.72989381557794
984	7.74553856932042
985	7.76121361476666
986	7.77691898970944
987	7.79265473194154
988	7.80842087925573
989	7.8242174694448
990	7.84004454030151
991	7.85590212961864
992	7.87179027518898
993	7.88770901480529
994	7.90365838626035
995	7.91963842734694
996	7.93564917585784
997	7.95169066958581
998	7.96776294632365
999	7.98386604386412
1000	8
1001	8.01616486273129
1002	8.03236072088689
1003	8.04858767350291
1004	8.06484581961547
1005	8.08113525826069
1006	8.09745608847469
1007	8.11380840929359
1008	8.1301923197535
1009	8.14660791889054
1010	8.16305530574083
1011	8.17953457934049
1012	8.19604583872563
1013	8.21258918293239
1014	8.22916471099686
1015	8.24577252195517
1016	8.26241271484345
1017	8.2790853886978
1018	8.29579064255434
1019	8.3125285754492
1020	8.32929928641849
1021	8.34610287449833
1022	8.36293943872484
1023	8.37980907813414
1024	8.39671189176233
1025	8.41364797864555
1026	8.43061743781991
1027	8.44762036832153
1028	8.46465686918653
1029	8.48172703945102
1030	8.49883097815112
1031	8.51596878432295
1032	8.53314055700264
1033	8.55034639522629
1034	8.56758639803003
1035	8.58486066444996
1036	8.60216929352223
1037	8.61951238428293
1038	8.63689003576818
1039	8.65430234701412
1040	8.67174941705685
1041	8.68923134493249
1042	8.70674822967716
1043	8.72430017032698
1044	8.74188726591806
1045	8.75950961548653
1046	8.77716731806851
1047	8.7948604727001
1048	8.81258917841744
1049	8.83035353425663
1050	8.84815363925379
1051	8.86598959244506
1052	8.88386149286653
1053	8.90176943955433
1054	8.91971353154458
1055	8.93769386787339
1056	8.95571054757689
1057	8.97376366969119
1058	8.99185333325242
1059	9.00997963729668
1060	9.0281426808601
1061	9.04634256297879
1062	9.06457938268888
1063	9.08285323902647
1064	9.1011642310277
1065	9.11951245772867
1066	9.13789801816551
1067	9.15632101137433
1068	9.17478153639126
1069	9.1932796922524
1070	9.21181557799388
1071	9.23038929265182
1072	9.24900093526233
1073	9.26765060486154
1074	9.28633840048555
1075	9.3050644211705
1076	9.32382876595249
1077	9.34263153386764
1078	9.36147282395208
1079	9.38035273524192
1080	9.39927136677328
1081	9.41822881758228
1082	9.43722518670503
1083	9.45626057317765
1084	9.47533507603627
1085	9.494448794317
1086	9.51360182705595
1087	9.53279427328925
1088	9.55202623205302
1089	9.57129780238337
1090	9.59060908331642
1091	9.60996017388828
1092	9.62935117313509
1093	9.64878218009295
1094	9.66825329379798
1095	9.6877646132863
1096	9.70731623759404
1097	9.7269082657573
1098	9.74654079681221
1099	9.76621392979487
1100	9.78592776374143
1101	9.80568239768798
1102	9.82547793067065
1103	9.84531446172555
1104	9.86519208988881
1105	9.88511091419655
1106	9.90507103368487
1107	9.9250725473899
1108	9.94511555434776
1109	9.96520015359457
1110	9.98532644416644
1111	10.0054945250995
1112	10.0257044954298
1113	10.0459564541936
1114	10.0662505004269
1115	10.0865867331659
1116	10.1069652514466
1117	10.1273861543052
1118	10.1478495407778
1119	10.1683555099006
1120	10.1889041607096
1121	10.2094955922409
1122	10.2301299035308
1123	10.2508071936152
1124	10.2715275615304
1125	10.2922911063124
1126	10.3130979269973
1127	10.3339481226213
1128	10.3548417922205
1129	10.375779034831
1130	10.396759949489
1131	10.4177846352305
1132	10.4388531910916
1133	10.4599657161085
1134	10.4811223093173
1135	10.5023230697542
1136	10.5235680964552
1137	10.5448574884564
1138	10.566191344794
1139	10.5875697645041
1140	10.6089928466228
1141	10.6304606901862
1142	10.6519733942304
1143	10.6735310577917
1144	10.695133779906
1145	10.7167816596095
1146	10.7384747959383
1147	10.7602132879285
1148	10.7819972346163
1149	10.8038267350378
1150	10.8257018882291
1151	10.8476227932262
1152	10.8695895490654
1153	10.8916022547827
1154	10.9136610094143
1155	10.9357659119963
1156	10.9579170615648
1157	10.9801145571559
1158	11.0023584978057
1159	11.0246489825504
1160	11.046986110426
1161	11.0693699804687
1162	11.0918006917147
1163	11.1142783431999
1164	11.1368030339606
1165	11.1593748630329
1166	11.1819939294528
1167	11.2046603322566
1168	11.2273741704802
1169	11.2501355431599
1170	11.2729445493317
1171	11.2958012880318
1172	11.3187058582963
1173	11.3416583591613
1174	11.3646588896629
1175	11.3877075488373
1176	11.4108044357205
1177	11.4339496493487
1178	11.457143288758
1179	11.4803854529845
1180	11.5036762410644
1181	11.5270157520337
1182	11.5504040849285
1183	11.5738413387851
1184	11.5973276126394
1185	11.6208630055277
1186	11.644447616486
1187	11.6680815445505
1188	11.6917648887572
1189	11.7154977481424
1190	11.739280221742
1191	11.7631124085923
1192	11.7869944077294
1193	11.8109263181893
1194	11.8349082390082
1195	11.8589402692222
1196	11.8830225078674
1197	11.9071550539799
1198	11.931338006596
1199	11.9555714647516
1200	11.9798555274829
1201	12.004190293826
1202	12.028575862817
1203	12.0530123334921
1204	12.0774998048873
1205	12.1020383760389
1206	12.1266281459828
1207	12.1512692137553
1208	12.1759616783924
1209	12.2007056389302
1210	12.225501194405
1211	12.2503484438527
1212	12.2752474863095
1213	12.3001984208116
1214	12.325201346395
1215	12.3502563620959
1216	12.3753635669504
1217	12.4005230599946
1218	12.4257349402646
1219	12.4509993067965
1220	12.4763162586265
1221	12.5016858947907
1222	12.5271083143252
1223	12.552583616266
1224	12.5781118996494
1225	12.6036932635115
1226	12.6293278068883
1227	12.655015628816
1228	12.6807568283307
1229	12.7065515044685
1230	12.7323997562656
1231	12.758301682758
1232	12.7842573829819
1233	12.8102669559734
1234	12.8363305007686
1235	12.8624481164037
1236	12.8886199019146
1237	12.9148459563377
1238	12.9411263787089
1239	12.9674612680644
1240	12.9938507234404
1241	13.0202948438729
1242	13.046793728398
1243	13.0733474760519
1244	13.0999561858707
1245	13.1266199568906
1246	13.1533388881475
1247	13.1801130786777
1248	13.2069426275173
1249	13.2338276337023
1250	13.260768196269
1251	13.2877644142533
1252	13.3148163866915
1253	13.3419242126197
1254	13.3690879910739
1255	13.3963078210904
1256	13.4235838017051
1257	13.4509160319543
1258	13.478304610874
1259	13.5057496375003
1260	13.5332512108695
1261	13.5608094300175
1262	13.5884243939806
1263	13.6160962017948
1264	13.6438249524963
1265	13.6716107451211
1266	13.6994536787055
1267	13.7273538522854
1268	13.7553113648971
1269	13.7833263155766
1270	13.8113988033601
1271	13.8395289272836
1272	13.8677167863834
1273	13.8959624796955
1274	13.924266106256
1275	13.9526277651011
1276	13.9810475552668
1277	14.0095255757893
1278	14.0380619257048
1279	14.0666567040493
1280	14.0953100098589
1281	14.1240219421698
1282	14.152792600018
1283	14.1816220824398
1284	14.2105104884711
1285	14.2394579171483
1286	14.2684644675072
1287	14.2975302385842
1288	14.3266553294152
1289	14.3558398390364
1290	14.385083866484
1291	14.414387510794
1292	14.4437508710026
1293	14.4731740461458
1294	14.5026571352599
1295	14.5322002373808
1296	14.5618034515448
1297	14.591466876788
1298	14.6211906121464
1299	14.6509747566562
1300	14.6808194093536
1301	14.7107246692745
1302	14.7406906354552
1303	14.7707174069318
1304	14.8008050827403
1305	14.8309537619169
1306	14.8611635434978
1307	14.891434526519
1308	14.9217668100166
1309	14.9521604930268
1310	14.9826156745857
1311	15.0131324537294
1312	15.0437109294941
1313	15.0743512009157
1314	15.1050533670306
1315	15.1358175268747
1316	15.1666437794842
1317	15.1975322238952
1318	15.2284829591439
1319	15.2594960842663
1320	15.2905716982986
1321	15.3217099002769
1322	15.3529107892373
1323	15.3841744642159
1324	15.4155010242488
1325	15.4468905683722
1326	15.4783431956222
1327	15.5098590050349
1328	15.5414380956464
1329	15.5730805664928
1330	15.6047865166103
1331	15.636556045035
1332	15.6683892508029
1333	15.7002862329503
1334	15.7322470905131
1335	15.7642719225277
1336	15.7963608280299
1337	15.8285139060561
1338	15.8607312556422
1339	15.8930129758245
1340	15.925359165639
1341	15.9577699241219
1342	15.9902453503092
1343	16.0227855432371
1344	16.0553906019417
1345	16.0880606254591
1346	16.1207957128255
1347	16.153595963077
1348	16.1864614752496
1349	16.2193923483795
1350	16.2523886815028
1351	16.2854505736557
1352	16.3185781238742
1353	16.3517714311945
1354	16.3850305946526
1355	16.4183557132848
1356	16.4517468861271
1357	16.4852042122156
1358	16.5187277905865
1359	16.5523177202759
1360	16.5859741003198
1361	16.6196970297545
1362	16.653486607616
1363	16.6873429329405
1364	16.721266104764
1365	16.7552562221227
1366	16.7893133840527
1367	16.8234376895902
1368	16.8576292377712
1369	16.8918881276318
1370	16.9262144582082
1371	16.9606083285365
1372	16.9950698376529
1373	17.0295990845933
1374	17.064196168394
1375	17.0988611880911
1376	17.1335942427207
1377	17.1683954313188
1378	17.2032648529217
1379	17.2382026065654
1380	17.2732087912861
1381	17.3082835061199
1382	17.3434268501028
1383	17.3786389222711
1384	17.4139198216608
1385	17.449269647308
1386	17.4846884982489
1387	17.5201764735196
1388	17.5557336721562
1389	17.5913601931948
1390	17.6270561356716
1391	17.6628215986226
1392	17.698656681084
1393	17.7345614820919
1394	17.7705361006824
1395	17.8065806358916
1396	17.8426951867557
1397	17.8788798523107
1398	17.9151347315929
1399	17.9514599236382
1400	17.9878555274829
1401	18.0243216421629
1402	18.0608583667146
1403	18.0974658001739
1404	18.134144041577
1405	18.1708931899601
1406	18.2077133443591
1407	18.2446046038103
1408	18.2815670673498
1409	18.3186008340136
1410	18.355706002838
1411	18.392882672859
1412	18.4301309431127
1413	18.4674509126352
1414	18.5048426804628
1415	18.5423063456314
1416	18.5798420071773
1417	18.6174497641364
1418	18.6551297155451
1419	18.6928819604392
1420	18.7307065978551
1421	18.7686037268288
1422	18.8065734463964
1423	18.844615855594
1424	18.8827310534578
1425	18.9209191390239
1426	18.9591802113283
1427	18.9975143694073
1428	19.0359217122969
1429	19.0744023390332
1430	19.1129563486524
1431	19.1515838401906
1432	19.1902849126839
1433	19.2290596651684
1434	19.2679081966802
1435	19.3068306062555
1436	19.3458269929304
1437	19.3848974557409
1438	19.4240420937233
1439	19.4632610059136
1440	19.5025542913479
1441	19.5419220490624
1442	19.5813643780932
1443	19.6208813774764
1444	19.6604731462481
1445	19.7001397834445
1446	19.7398813881016
1447	19.7796980592555
1448	19.8195898959425
1449	19.8595569971986
1450	19.8995994620599
1451	19.9397173895625
1452	19.9799108787426
1453	20.0201800286363
1454	20.0605249382797
1455	20.1009457067089
1456	20.14144243296
1457	20.1820152160692
1458	20.2226641550726
1459	20.2633893490063
1460	20.3041908969063
1461	20.3450688978089
1462	20.3860234507502
1463	20.4270546547662
1464	20.468162608893
1465	20.5093474121669
1466	20.5506091636239
1467	20.5919479623002
1468	20.6333639072317
1469	20.6748570974548
1470	20.7164276320054
1471	20.7580756099198
1472	20.799801130234
1473	20.8416042919841
1474	20.8834851942063
1475	20.9254439359367
1476	20.9674806162113
1477	21.0095953340664
1478	21.051788188538
1479	21.0940592786623
1480	21.1364087034753
1481	21.1788365620133
1482	21.2213429533122
1483	21.2639279764083
1484	21.3065917303376
1485	21.3493343141362
1486	21.3921558268404
1487	21.4350563674861
1488	21.4780360351096
1489	21.5210949287469
1490	21.5642331474341
1491	21.6074507902075
1492	21.650747956103
1493	21.6941247441568
1494	21.737581253405
1495	21.7811175828838
1496	21.8247338316293
1497	21.8684300986775
1498	21.9122064830646
1499	21.9560630838267
1500	22
1501	22.0440173297916
1502	22.0881151680933
1503	22.1322936089676
1504	22.1765527464775
1505	22.2208926746857
1506	22.2653134876548
1507	22.3098152794477
1508	22.3543981441272
1509	22.3990621757558
1510	22.4438074683965
1511	22.488634116112
1512	22.5335422129649
1513	22.5785318530182
1514	22.6236031303344
1515	22.6687561389764
1516	22.713990973007
1517	22.7593077264888
1518	22.8047064934846
1519	22.8501873680572
1520	22.8957504442693
1521	22.9413958161837
1522	22.9871235778631
1523	23.0329338233703
1524	23.0788266467681
1525	23.1248021421191
1526	23.1708604034861
1527	23.2170015249319
1528	23.2632256005192
1529	23.3095327243109
1530	23.3559229903695
1531	23.402396492758
1532	23.4489533255389
1533	23.4955935827752
1534	23.5423173585295
1535	23.5891247468646
1536	23.6360158418432
1537	23.6829907375282
1538	23.7300495279821
1539	23.7771923072679
1540	23.8244191694482
1541	23.8717302085858
1542	23.9191255187435
1543	23.9666051939839
1544	24.0141693283699
1545	24.0618180159642
1546	24.1095513508296
1547	24.1573694270287
1548	24.2052723386244
1549	24.2532601796794
1550	24.3013330442565
1551	24.3494910264184
1552	24.3977342202278
1553	24.4460627197476
1554	24.4944766190404
1555	24.542976012169
1556	24.5915609931962
1557	24.6402316561846
1558	24.6889880951972
1559	24.7378304042966
1560	24.7867586775455
1561	24.8357730090068
1562	24.8848734927431
1563	24.9340602228173
1564	24.983333293292
1565	25.03269279823
1566	25.0821388316941
1567	25.1316714877471
1568	25.1812908604516
1569	25.2309970438704
1570	25.2807901320663
1571	25.3306702191021
1572	25.3806373990404
1573	25.4306917659441
1574	25.4808334138758
1575	25.5310624368984
1576	25.5813789290746
1577	25.6317829844671
1578	25.6822746971387
1579	25.7328541611521
1580	25.7835214705701
1581	25.8342767194555
1582	25.8851200018709
1583	25.9360514118792
1584	25.9870710435431
1585	26.0381789909253
1586	26.0893753480886
1587	26.1406602090958
1588	26.1920336680096
1589	26.2434958188927
1590	26.2950467558079
1591	26.346686572818
1592	26.3984153639857
1593	26.4502332233737
1594	26.5021402450448
1595	26.5541365230618
1596	26.6062221514874
1597	26.6583972243844
1598	26.7106618358154
1599	26.7630160798433
1600	26.8154600505309
1601	26.8679938419408
1602	26.9206175481358
1603	26.9733312631787
1604	27.0261350811321
1605	27.079029096059
1606	27.132013402022
1607	27.1850880930838
1608	27.2382532633073
1609	27.2915090067551
1610	27.3448554174901
1611	27.3982925895749
1612	27.4518206170724
1613	27.5054395940452
1614	27.5591496145562
1615	27.612950772668
1616	27.6668431624435
1617	27.7208268779453
1618	27.7749020132363
1619	27.8290686623792
1620	27.8833269194367
1621	27.9376768784716
1622	27.9921186335466
1623	28.0466522787245
1624	28.101277908068
1625	28.15599561564
1626	28.210805495503
1627	28.26570764172
1628	28.3207021483536
1629	28.3757891094666
1630	28.4309686191217
1631	28.4862407713818
1632	28.5416056603095
1633	28.5970633799675
1634	28.6526140244188
1635	28.7082576877259
1636	28.7639944639517
1637	28.8198244471589
1638	28.8757477314102
1639	28.9317644107685
1640	28.9878745792964
1641	29.0440783310567
1642	29.1003757601122
1643	29.1567669605255
1644	29.2132520263596
1645	29.269831051677
1646	29.3265041305406
1647	29.3832713570132
1648	29.4401328251573
1649	29.4970886290359
1650	29.5541388627117
1651	29.6112836202474
1652	29.6685229957058
1653	29.7258570831495
1654	29.7832859766415
1655	29.8408097702444
1656	29.8984285580209
1657	29.9561424340339
1658	30.013951492346
1659	30.0718558270201
1660	30.1298555321189
1661	30.187950701705
1662	30.2461414298414
1663	30.3044278105907
1664	30.3628099380157
1665	30.4212879061791
1666	30.4798618091437
1667	30.5385317409722
1668	30.5972977957274
1669	30.6561600674721
1670	30.7151186502689
1671	30.7741736381807
1672	30.8333251252702
1673	30.8925732056001
1674	30.9519179732332
1675	31.0113595222322
1676	31.07089794666
1677	31.1305333405792
1678	31.1902657980526
1679	31.2500954131429
1680	31.310022279913
1681	31.3700464924255
1682	31.4301681447432
1683	31.4903873309288
1684	31.5507041450452
1685	31.611118681155
1686	31.671631033321
1687	31.732241295606
1688	31.7929495620727
1689	31.8537559267838
1690	31.9146604838022
1691	31.9756633271905
1692	32.0367645510115
1693	32.097964249328
1694	32.1592625162027
1695	32.2206594456984
1696	32.2821551318778
1697	32.3437496688037
1698	32.4054431505388
1699	32.4672356711458
1700	32.5291273246876
1701	32.5911182052269
1702	32.6532084068263
1703	32.7153980235488
1704	32.777687149457
1705	32.8400758786136
1706	32.9025643050815
1707	32.9651525229234
1708	33.027840626202
1709	33.0906287089801
1710	33.1535168653204
1711	33.2165051892857
1712	33.2795937749387
1713	33.3427827163422
1714	33.406072107559
1715	33.4694620426517
1716	33.5329526156832
1717	33.5965439207162
1718	33.6602360518134
1719	33.7240291030377
1720	33.7879231684516
1721	33.8519183421181
1722	33.9160147180998
1723	33.9802123904595
1724	34.0445114532599
1725	34.1089120005639
1726	34.1734141264341
1727	34.2380179249333
1728	34.3027234901242
1729	34.3675309160697
1730	34.4324402968324
1731	34.4974517264751
1732	34.5625652990606
1733	34.6277811086516
1734	34.6930992493109
1735	34.7585198151011
1736	34.8240429000852
1737	34.8896685983257
1738	34.9553970038855
1739	35.0212282108273
1740	35.0871623132139
1741	35.153199405108
1742	35.2193395805724
1743	35.2855829336698
1744	35.3519295584629
1745	35.4183795490146
1746	35.4849329993876
1747	35.5515900036445
1748	35.6183506558483
1749	35.6852150500616
1750	35.7521832803471
1751	35.8192554407677
1752	35.8864316253861
1753	35.953711928265
1754	36.0210964434672
1755	36.0885852650554
1756	36.1561784870924
1757	36.2238762036409
1758	36.2916785087638
1759	36.3595854965236
1760	36.4275972609833
1761	36.4957138962055
1762	36.563935496253
1763	36.6322621551885
1764	36.7006939670748
1765	36.7692310259746
1766	36.8378734259508
1767	36.906621261066
1768	36.975474625383
1769	37.0444336129646
1770	37.1134983178734
1771	37.1826688341723
1772	37.251945255924
1773	37.3213276771913
1774	37.3908161920368
1775	37.4604108945235
1776	37.5301118787139
1777	37.5999192386709
1778	37.6698330684572
1779	37.7398534621355
1780	37.8099805137687
1781	37.8802143174194
1782	37.9505549671504
1783	38.0210025570245
1784	38.0915571811044
1785	38.1622189334529
1786	38.2329879081327
1787	38.3038641992066
1788	38.3748479007373
1789	38.4459391067875
1790	38.5171379114201
1791	38.5884444086978
1792	38.6598586926833
1793	38.7313808574393
1794	38.8030109970287
1795	38.8747492055141
1796	38.9465955769584
1797	39.0185502054243
1798	39.0906131849745
1799	39.1627846096718
1800	39.2350645735789
1801	39.3074531707586
1802	39.3799504952736
1803	39.4525566411868
1804	39.5252717025607
1805	39.5980957734583
1806	39.6710289479421
1807	39.7440713200751
1808	39.8172229839199
1809	39.8904840335394
1810	39.9638545629961
1811	40.037334666353
1812	40.1109244376727
1813	40.184623971018
1814	40.2584333604516
1815	40.3323527000364
1816	40.4063820838349
1817	40.4805216059101
1818	40.5547713603247
1819	40.6291314411414
1820	40.7036019424229
1821	40.778182958232
1822	40.8528745826315
1823	40.927676909684
1824	41.0025900334525
1825	41.0776140479995
1826	41.152749047388
1827	41.2279951256805
1828	41.3033523769399
1829	41.3788208952289
1830	41.4544007746103
1831	41.5300921091468
1832	41.6058949929011
1833	41.6818095199361
1834	41.7578357843145
1835	41.8339738800989
1836	41.9102239013523
1837	41.9865859421373
1838	42.0630600965166
1839	42.1396464585531
1840	42.2163451223094
1841	42.2931561818484
1842	42.3700797312328
1843	42.4471158645253
1844	42.5242646757887
1845	42.6015262590857
1846	42.678900708479
1847	42.7563881180316
1848	42.833988581806
1849	42.911702193865
1850	42.9895290482715
1851	43.067469239088
1852	43.1455228603775
1853	43.2236900062026
1854	43.3019707706261
1855	43.3803652477108
1856	43.4588735315193
1857	43.5374957161145
1858	43.6162318955591
1859	43.6950821639158
1860	43.7740466152475
1861	43.8531253436168
1862	43.9323184430865
1863	44.0116260077193
1864	44.0910481315781
1865	44.1705849087255
1866	44.2502364332243
1867	44.3300027991372
1868	44.4098841005271
1869	44.4898804314566
1870	44.5699918859886
1871	44.6502185581857
1872	44.7305605421107
1873	44.8110179318264
1874	44.8915908213955
1875	44.9722793048808
1876	45.0530834763449
1877	45.1340034298508
1878	45.2150392594611
1879	45.2961910592385
1880	45.3774589232459
1881	45.4588429455459
1882	45.5403432202014
1883	45.621959841275
1884	45.7036929028296
1885	45.7855424989278
1886	45.8675087236325
1887	45.9495916710063
1888	46.0317914351121
1889	46.1141081100126
1890	46.1965417897705
1891	46.2790925684485
1892	46.3617605401096
1893	46.4445457988163
1894	46.5274484386314
1895	46.6104685536177
1896	46.693606237838
1897	46.7768615853549
1898	46.8602346902313
1899	46.9437256465299
1900	47.0273345483135
1901	47.1110614896447
1902	47.1949065645864
1903	47.2788698672013
1904	47.3629514915521
1905	47.4471515317016
1906	47.5314700817126
1907	47.6159072356477
1908	47.7004630875699
1909	47.7851377315417
1910	47.869931261626
1911	47.9548437718855
1912	48.0398753563829
1913	48.1250261091811
1914	48.2102961243427
1915	48.2956854959305
1916	48.3811943180073
1917	48.4668226846358
1918	48.5525706898788
1919	48.638438427799
1920	48.7244259924591
1921	48.810533477922
1922	48.8967609782503
1923	48.9831085875069
1924	49.0695763997544
1925	49.1561645090557
1926	49.2428730094734
1927	49.3297019950703
1928	49.4166515599093
1929	49.5037217980529
1930	49.590912803564
1931	49.6782246705054
1932	49.7656574929397
1933	49.8532113649298
1934	49.9408863805383
1935	50.0286826338281
1936	50.1166002188619
1937	50.2046392297024
1938	50.2927997604123
1939	50.3810819050546
1940	50.4694857576918
1941	50.5580114123867
1942	50.6466589632021
1943	50.7354285042008
1944	50.8243201294455
1945	50.9133339329989
1946	51.0024700089238
1947	51.091728451283
1948	51.1811093541391
1949	51.2706128115551
1950	51.3602389175935
1951	51.4499877663171
1952	51.5398594517888
1953	51.6298540680712
1954	51.7199717092271
1955	51.8102124693192
1956	51.9005764424104
1957	51.9910637225634
1958	52.0816744038408
1959	52.1724085803055
1960	52.2632663460202
1961	52.3542477950477
1962	52.4453530214507
1963	52.5365821192919
1964	52.6279351826342
1965	52.7194123055402
1966	52.8110135820727
1967	52.9027391062946
1968	52.9945889722684
1969	53.086563274057
1970	53.1786621057231
1971	53.2708855613295
1972	53.3632337349389
1973	53.4557067206141
1974	53.5483046124179
1975	53.6410275044129
1976	53.7338754906619
1977	53.8268486652277
1978	53.9199471221731
1979	54.0131709555607
1980	54.1065202594533
1981	54.1999951279138
1982	54.2935956550047
1983	54.387321934789
1984	54.4811740613293
1985	54.5751521286884
1986	54.669256230929
1987	54.7634864621139
1988	54.8578429163059
1989	54.9523256875676
1990	55.0469348699619
1991	55.1416705575515
1992	55.2365328443991
1993	55.3315218245676
1994	55.4266375921196
1995	55.5218802411178
1996	55.6172498656252
1997	55.7127465597043
1998	55.808370417418
1999	55.904121532829
2000	56
2001	56.0960059861022
2002	56.1921399507401
2003	56.2884024266266
2004	56.3847939464744
2005	56.4813150429966
2006	56.577966248906
2007	56.6747480969155
2008	56.7716611197379
2009	56.8687058500862
2010	56.9658828206731
2011	57.0631925642116
2012	57.1606356134146
2013	57.2582125009949
2014	57.3559237596655
2015	57.4537699221391
2016	57.5517515211287
2017	57.6498690893471
2018	57.7481231595072
2019	57.846514264322
2020	57.9450429365042
2021	58.0437097087668
2022	58.1425151138226
2023	58.2414596843846
2024	58.3405439531655
2025	58.4397684528783
2026	58.5391337162358
2027	58.6386402759509
2028	58.7382886647366
2029	58.8380794153056
2030	58.9380130603708
2031	59.0380901326452
2032	59.1383111648416
2033	59.2386766896729
2034	59.339187239852
2035	59.4398433480916
2036	59.5406455471049
2037	59.6415943696044
2038	59.7426903483033
2039	59.8439340159143
2040	59.9453259051504
2041	60.0468665487243
2042	60.148556479349
2043	60.2503962297374
2044	60.3523863326023
2045	60.4545273206567
2046	60.5568197266133
2047	60.6592640831851
2048	60.7618609230849
2049	60.8646107790257
2050	60.9675141837202
2051	61.0705716698815
2052	61.1737837702223
2053	61.2771510174555
2054	61.380673944294
2055	61.4843530834507
2056	61.5881889676385
2057	61.6921821295703
2058	61.7963331019588
2059	61.9006424175171
2060	62.0051106089579
2061	62.1097382089942
2062	62.2145257503388
2063	62.3194737657046
2064	62.4245827878045
2065	62.5298533493513
2066	62.635285983058
2067	62.7408812216375
2068	62.8466395978025
2069	62.9525616442659
2070	63.0586478937408
2071	63.1648988789398
2072	63.271315132576
2073	63.3778971873621
2074	63.4846455760111
2075	63.5915608312359
2076	63.6986434857492
2077	63.8058940722641
2078	63.9133131234933
2079	64.0209011721497
2080	64.1286587509463
2081	64.2365863925959
2082	64.3446846298114
2083	64.4529539953056
2084	64.5613950217914
2085	64.6700082419818
2086	64.7787941885895
2087	64.8877533943275
2088	64.9968863919087
2089	65.1061937140459
2090	65.2156758934519
2091	65.3253334628398
2092	65.4351669549223
2093	65.5451769024123
2094	65.6553638380228
2095	65.7657282944665
2096	65.8762708044564
2097	65.9869919007053
2098	66.0978921159262
2099	66.2089719828318
2100	66.3202320341351
2101	66.431672802549
2102	66.5432948207863
2103	66.6550986215598
2104	66.7670847375826
2105	66.8792537015675
2106	66.9916060462272
2107	67.1041423042748
2108	67.2168630084231
2109	67.3297686913849
2110	67.4428598858732
2111	67.5561371246009
2112	67.6696009402807
2113	67.7832518656256
2114	67.8970904333484
2115	68.0111171761621
2116	68.1253326267795
2117	68.2397373179135
2118	68.3543317822769
2119	68.4691165525827
2120	68.5840921615438
2121	68.6992591418729
2122	68.814618026283
2123	68.9301693474869
2124	69.0459136381976
2125	69.1618514311279
2126	69.2779832589907
2127	69.3943096544988
2128	69.5108311503652
2129	69.6275482793026
2130	69.7444615740241
2131	69.8615715672425
2132	69.9788787916706
2133	70.0963837800213
2134	70.2140870650076
2135	70.3319891793422
2136	70.4500906557381
2137	70.5683920269081
2138	70.6868938255651
2139	70.8055965844221
2140	70.9245008361918
2141	71.0436071135871
2142	71.162915949321
2143	71.2824278761063
2144	71.4021434266558
2145	71.5220631336825
2146	71.6421875298993
2147	71.7625171480189
2148	71.8830525207543
2149	72.0037941808185
2150	72.1247426609241
2151	72.2458984937842
2152	72.3672622121116
2153	72.4888343486191
2154	72.6106154360197
2155	72.7326060070263
2156	72.8548065943516
2157	72.9772177307086
2158	73.0998399488102
2159	73.2226737813693
2160	73.3457197610986
2161	73.4689784207112
2162	73.5924502929198
2163	73.7161359104374
2164	73.8400358059768
2165	73.9641505122509
2166	74.0884805619726
2167	74.2130264878547
2168	74.3377888226102
2169	74.4627680989519
2170	74.5879648495927
2171	74.7133796072455
2172	74.8390129046231
2173	74.9648652744384
2174	75.0909372494043
2175	75.2172293622338
2176	75.3437421456396
2177	75.4704761323346
2178	75.5974318550317
2179	75.7246098464438
2180	75.8520106392838
2181	75.9796347662645
2182	76.1074827600989
2183	76.2355551534997
2184	76.3638524791799
2185	76.4923752698524
2186	76.62112405823
2187	76.7500993770256
2188	76.8793017589522
2189	77.0087317367224
2190	77.1383898430493
2191	77.2682766106458
2192	77.3983925722246
2193	77.5287382604987
2194	77.6593142081809
2195	77.7901209479842
2196	77.9211590126214
2197	78.0524289348054
2198	78.183931247249
2199	78.3156664826652
2200	78.4476351737668
2201	78.5798378532667
2202	78.7122750538777
2203	78.8449473083128
2204	78.9778551492848
2205	79.1109991095066
2206	79.2443797216911
2207	79.3779975185512
2208	79.5118530327997
2209	79.6459467971495
2210	79.7802793443135
2211	79.9148512070046
2212	80.0496629179356
2213	80.1847150098194
2214	80.320008015369
2215	80.4555424672971
2216	80.5913188983167
2217	80.7273378411406
2218	80.8635998284817
2219	81.0001053930529
2220	81.1368550675671
2221	81.2738493847371
2222	81.4110888772758
2223	81.5485740778961
2224	81.6863055193109
2225	81.824283734233
2226	81.9625092553754
2227	82.1009826154509
2228	82.2397043471724
2229	82.3786749832527
2230	82.5178950564048
2231	82.6573650993414
2232	82.7970856447756
2233	82.9370572254202
2234	83.077280373988
2235	83.2177556231919
2236	83.3584835057448
2237	83.4994645543596
2238	83.6406993017492
2239	83.7821882806264
2240	83.9239320237041
2241	84.0659310636952
2242	84.2081859333126
2243	84.3506971652691
2244	84.4934652922776
2245	84.6364908470511
2246	84.7797743623023
2247	84.9233163707442
2248	85.0671174050896
2249	85.2111779980514
2250	85.3554986823425
2251	85.5000799906758
2252	85.6449224557641
2253	85.7900266103204
2254	85.9353929870574
2255	86.0810221186881
2256	86.2269145379254
2257	86.373070777482
2258	86.519491370071
2259	86.6661768484052
2260	86.8131277451974
2261	86.9603445931606
2262	87.1078279250076
2263	87.2555782734513
2264	87.4035961712046
2265	87.5518821509803
2266	87.7004367454913
2267	87.8492604874506
2268	87.9983539095709
2269	88.1477175445652
2270	88.2973519251463
2271	88.4472575840271
2272	88.5974350539206
2273	88.7478848675395
2274	88.8986075575967
2275	89.0496036568052
2276	89.2008736978777
2277	89.3524182135273
2278	89.5042377364667
2279	89.6563327994088
2280	89.8087039350666
2281	89.9613516761528
2282	90.1142765553804
2283	90.2674791054622
2284	90.4209598591112
2285	90.5747193490401
2286	90.728758107962
2287	90.8830766685895
2288	91.0376755636357
2289	91.1925553258135
2290	91.3477164878356
2291	91.503159582415
2292	91.6588851422645
2293	91.814893700097
2294	91.9711857886254
2295	92.1277619405626
2296	92.2846226886215
2297	92.4417685655148
2298	92.5992001039556
2299	92.7569178366567
2300	92.9149222963309
2301	93.0732140156911
2302	93.2317935274503
2303	93.3906613643213
2304	93.5498180590169
2305	93.7092641442501
2306	93.8690001527337
2307	94.0290266171806
2308	94.1893440703037
2309	94.3499530448158
2310	94.5108540734299
2311	94.6720476888588
2312	94.8335344238153
2313	94.9953148110124
2314	95.157389383163
2315	95.3197586729799
2316	95.482423213176
2317	95.6453835364642
2318	95.8086401755573
2319	95.9721936631683
2320	96.13604453201
2321	96.3001933147952
2322	96.464640544237
2323	96.629386753048
2324	96.7944324739413
2325	96.9597782396296
2326	97.125424582826
2327	97.2913720362432
2328	97.4576211325941
2329	97.6241724045916
2330	97.7910263849486
2331	97.958183606378
2332	98.1256446015926
2333	98.2934099033053
2334	98.461480044229
2335	98.6298555570766
2336	98.7985369745609
2337	98.9675248293949
2338	99.1368196542914
2339	99.3064219819632
2340	99.4763323451233
2341	99.6465512764845
2342	99.8170793087597
2343	99.9879169746619
2344	100.159064806904
2345	100.330523338198
2346	100.502293101258
2347	100.674374628797
2348	100.846768453527
2349	101.01947510816
2350	101.192495125411
2351	101.365829037992
2352	101.539477378616
2353	101.713440679995
2354	101.887719474843
2355	102.062314295872
2356	102.237225675796
2357	102.412454147326
2358	102.588000243177
2359	102.763864496061
2360	102.94004743869
2361	103.116549603778
2362	103.293371524038
2363	103.470513732182
2364	103.647976760924
2365	103.825761142976
2366	104.00386741105
2367	104.182296097861
2368	104.36104773612
2369	104.540122858542
2370	104.719521997838
2371	104.899245686721
2372	105.079294457904
2373	105.259668844101
2374	105.440369378024
2375	105.621396592386
2376	105.8027510199
2377	105.984433193278
2378	106.166443645234
2379	106.348782908481
2380	106.53145151573
2381	106.714449999697
2382	106.897778893092
2383	107.081438728629
2384	107.265430039021
2385	107.449753356981
2386	107.634409215221
2387	107.819398146455
2388	108.004720683395
2389	108.190377358755
2390	108.376368705247
2391	108.562695255583
2392	108.749357542478
2393	108.936356098643
2394	109.123691456792
2395	109.311364149638
2396	109.499374709892
2397	109.68772367027
2398	109.876411563482
2399	110.065438922242
2400	110.254806279263
2401	110.444514167258
2402	110.63456311894
2403	110.824953667021
2404	111.015686344215
2405	111.206761683234
2406	111.398180216791
2407	111.589942477599
2408	111.782048998371
2409	111.97450031182
2410	112.167296950658
2411	112.360439447599
2412	112.553928335356
2413	112.74776414664
2414	112.941947414166
2415	113.136478670646
2416	113.331358448793
2417	113.52658728132
2418	113.72216570094
2419	113.918094240365
2420	114.114373432308
2421	114.311003809483
2422	114.507985904602
2423	114.705320250378
2424	114.903007379525
2425	115.101047824754
2426	115.299442118778
2427	115.498190794311
2428	115.697294384066
2429	115.896753420755
2430	116.096568437092
2431	116.296739965788
2432	116.497268539557
2433	116.698154691113
2434	116.899398953167
2435	117.101001858432
2436	117.302963939622
2437	117.50528572945
2438	117.707967760627
2439	117.911010565868
2440	118.114414677885
2441	118.318180629391
2442	118.522308953098
2443	118.72680018172
2444	118.93165484797
2445	119.13687348456
2446	119.342456624203
2447	119.548404799613
2448	119.754718543501
2449	119.961398388581
2450	120.168444867566
2451	120.375858513169
2452	120.583639858102
2453	120.791789435079
2454	121.000307776812
2455	121.209195416014
2456	121.418452885398
2457	121.628080717677
2458	121.838079445564
2459	122.048449601772
2460	122.259191719013
2461	122.47030633
2462	122.681793967447
2463	122.893655164066
2464	123.10589045257
2465	123.318500365672
2466	123.531485436085
2467	123.744846196522
2468	123.958583179695
2469	124.172696918317
2470	124.387187945102
2471	124.602056792762
2472	124.81730399401
2473	125.032930081559
2474	125.248935588122
2475	125.465321046412
2476	125.682086989141
2477	125.899233949023
2478	126.11676245877
2479	126.334673051095
2480	126.552966258711
2481	126.771642614332
2482	126.990702650669
2483	127.210146900436
2484	127.429975896345
2485	127.65019017111
2486	127.870790257444
2487	128.091776688058
2488	128.313149995667
2489	128.534910712983
2490	128.757059372718
2491	128.979596507587
2492	129.202522650301
2493	129.425838333573
2494	129.649544090117
2495	129.873640452645
2496	130.09812795387
2497	130.323007126505
2498	130.548278503264
2499	130.773942616857
2500	131
2501	131.2264510858
2502	131.453295908946
2503	131.680534404526
2504	131.908166507625
2505	132.136192153328
2506	132.364611276721
2507	132.59342381289
2508	132.822629696921
2509	133.0522288639
2510	133.282221248911
2511	133.512606787042
2512	133.743385413377
2513	133.974557063002
2514	134.206121671004
2515	134.438079172467
2516	134.670429502478
2517	134.903172596123
2518	135.136308388486
2519	135.369836814655
2520	135.603757809714
2521	135.838071308749
2522	136.072777246846
2523	136.307875559091
2524	136.54336618057
2525	136.779249046368
2526	137.015524091571
2527	137.252191251264
2528	137.489250460535
2529	137.726701654467
2530	137.964544768147
2531	138.202779736661
2532	138.441406495095
2533	138.680424978533
2534	138.919835122063
2535	139.159636860769
2536	139.399830129737
2537	139.640414864054
2538	139.881390998805
2539	140.122758469075
2540	140.36451720995
2541	140.606667156517
2542	140.849208243861
2543	141.092140407067
2544	141.335463581221
2545	141.579177701409
2546	141.823282702717
2547	142.067778520231
2548	142.312665089036
2549	142.557942344218
2550	142.803610220863
2551	143.049668654056
2552	143.296117578883
2553	143.542956930431
2554	143.790186643784
2555	144.037806654028
2556	144.28581689625
2557	144.534217305534
2558	144.783007816968
2559	145.032188365635
2560	145.281758886623
2561	145.531719315017
2562	145.782069585902
2563	146.032809634365
2564	146.28393939549
2565	146.535458804365
2566	146.787367796074
2567	147.039666305703
2568	147.292354268339
2569	147.545431619066
2570	147.798898292971
2571	148.052754225139
2572	148.306999350656
2573	148.561633604607
2574	148.81665692208
2575	149.072069238158
2576	149.327870487929
2577	149.584060606477
2578	149.840639528888
2579	150.097607190249
2580	150.354963525645
2581	150.612708470161
2582	150.870841958884
2583	151.129363926899
2584	151.388274309291
2585	151.647573041148
2586	151.907260057553
2587	152.167335293594
2588	152.427798684356
2589	152.688650164924
2590	152.949889670384
2591	153.211517135823
2592	153.473532496325
2593	153.735935686977
2594	153.998726642864
2595	154.261905299072
2596	154.525471590687
2597	154.789425452795
2598	155.05376682048
2599	155.31849562883
2600	155.583611812929
2601	155.849115307863
2602	156.115006048719
2603	156.381283970582
2604	156.647949008537
2605	156.915001097671
2606	157.182440173069
2607	157.450266169817
2608	157.718479023
2609	157.987078667705
2610	158.256065039017
2611	158.525438072022
2612	158.795197701805
2613	159.065343863453
2614	159.33587649205
2615	159.606795522684
2616	159.878100890439
2617	160.149792530401
2618	160.421870377656
2619	160.69433436729
2620	160.967184434388
2621	161.240420514037
2622	161.514042541322
2623	161.788050451328
2624	162.062444179142
2625	162.337223659849
2626	162.612388828534
2627	162.887939620285
2628	163.163875970186
2629	163.440197813323
2630	163.716905084782
2631	163.993997719648
2632	164.271475653008
2633	164.549338819947
2634	164.827587155551
2635	165.106220594905
2636	165.385239073096
2637	165.664642525209
2638	165.944430886329
2639	166.224604091543
2640	166.505162075937
2641	166.786104774595
2642	167.067432122604
2643	167.34914405505
2644	167.631240507017
2645	167.913721413593
2646	168.196586709862
2647	168.479836330911
2648	168.763470211825
2649	169.04748828769
2650	169.331890493592
2651	169.616676764616
2652	169.901847035848
2653	170.187401242374
2654	170.47333931928
2655	170.759661201651
2656	171.046366824573
2657	171.333456123132
2658	171.620929032413
2659	171.908785487503
2660	172.197025423487
2661	172.48564877545
2662	172.77465547848
2663	173.06404546766
2664	173.353818678077
2665	173.643975044818
2666	173.934514502966
2667	174.225436987609
2668	174.516742433832
2669	174.80843077672
2670	175.10050195136
2671	175.392955892838
2672	175.685792536238
2673	175.979011816646
2674	176.27261366915
2675	176.566598028833
2676	176.860964830782
2677	177.155714010083
2678	177.450845501821
2679	177.746359241082
2680	178.042255162952
2681	178.338533202517
2682	178.635193294861
2683	178.932235375072
2684	179.229659378235
2685	179.527465239435
2686	179.825652893759
2687	180.124222276292
2688	180.423173322119
2689	180.722505966327
2690	181.022220144001
2691	181.322315790227
2692	181.62279284009
2693	181.923651228677
2694	182.224890891074
2695	182.526511762365
2696	182.828513777637
2697	183.130896871975
2698	183.433660980465
2699	183.736806038194
2700	184.040331980245
2701	184.344238741707
2702	184.648526257663
2703	184.9531944632
2704	185.258243293404
2705	185.56367268336
2706	185.869482568154
2707	186.175672882872
2708	186.482243562599
2709	186.789194542422
2710	187.096525757426
2711	187.404237142696
2712	187.712328633319
2713	188.02080016438
2714	188.329651670965
2715	188.63888308816
2716	188.94849435105
2717	189.258485394722
2718	189.56885615426
2719	189.879606564751
2720	190.19073656128
2721	190.502246078934
2722	190.814135052797
2723	191.126403417956
2724	191.439051109497
2725	191.752078062504
2726	192.065484212064
2727	192.379269493263
2728	192.693433841186
2729	193.00797719092
2730	193.322899477549
2731	193.638200636159
2732	193.953880601837
2733	194.269939309668
2734	194.586376694737
2735	194.903192692131
2736	195.220387236936
2737	195.537960264236
2738	195.855911709118
2739	196.174241506667
2740	196.49294959197
2741	196.812035900111
2742	197.131500366177
2743	197.451342925254
2744	197.771563512427
2745	198.092162062781
2746	198.413138511403
2747	198.734492793379
2748	199.056224843793
2749	199.378334597733
2750	199.700821990283
2751	200.023686956529
2752	200.346929431558
2753	200.670549350454
2754	200.994546648303
2755	201.318921260192
2756	201.643673121206
2757	201.968802166431
2758	202.294308330952
2759	202.620191549856
2760	202.946451758227
2761	203.273088891152
2762	203.600102883717
2763	203.927493671006
2764	204.255261188107
2765	204.583405370104
2766	204.911926152084
2767	205.240823469132
2768	205.570097256333
2769	205.899747448775
2770	206.229773981541
2771	206.560176789719
2772	206.890955808394
2773	207.222110972651
2774	207.553642217577
2775	207.885549478256
2776	208.217832689775
2777	208.55049178722
2778	208.883526705676
2779	209.216937380229
2780	209.550723745965
2781	209.88488573797
2782	210.219423291328
2783	210.554336341127
2784	210.889624822451
2785	211.225288670387
2786	211.56132782002
2787	211.897742206435
2788	212.23453176472
2789	212.571696429959
2790	212.909236137238
2791	213.247150821643
2792	213.585440418259
2793	213.924104862173
2794	214.26314408847
2795	214.602558032236
2796	214.942346628556
2797	215.282509812516
2798	215.623047519203
2799	215.963959683702
2800	216.305246241098
2801	216.646907126477
2802	216.988942274925
2803	217.331351621528
2804	217.674135101372
2805	218.017292649542
2806	218.360824201123
2807	218.704729691203
2808	219.049009054866
2809	219.393662227198
2810	219.738689143285
2811	220.084089738212
2812	220.429863947066
2813	220.776011704932
2814	221.122532946896
2815	221.469427608044
2816	221.816695623461
2817	222.164336928233
2818	222.512351457446
2819	222.860739146186
2820	223.209499929537
2821	223.558633742587
2822	223.908140520421
2823	224.258020198124
2824	224.608272710783
2825	224.958897993482
2826	225.309895981308
2827	225.661266609347
2828	226.013009812684
2829	226.365125526405
2830	226.717613685595
2831	227.070474225341
2832	227.423707080729
2833	227.777312186843
2834	228.13128947877
2835	228.485638891595
2836	228.840360360404
2837	229.195453820283
2838	229.550919206318
2839	229.906756453594
2840	230.262965497198
2841	230.619546272214
2842	230.976498713728
2843	231.333822756827
2844	231.691518336596
2845	232.049585388121
2846	232.408023846488
2847	232.766833646781
2848	233.126014724088
2849	233.485567013493
2850	233.845490450083
2851	234.205784968943
2852	234.56645050516
2853	234.927486993817
2854	235.288894370003
2855	235.650672568801
2856	236.012821525298
2857	236.37534117458
2858	236.738231451733
2859	237.101492291841
2860	237.465123629992
2861	237.82912540127
2862	238.193497540761
2863	238.558239983551
2864	238.923352664727
2865	239.288835519373
2866	239.654688482575
2867	240.020911489419
2868	240.387504474991
2869	240.754467374377
2870	241.121800122662
2871	241.489502654931
2872	241.857574906272
2873	242.226016811769
2874	242.594828306508
2875	242.964009325576
2876	243.333559804057
2877	243.703479677037
2878	244.073768879603
2879	244.444427346839
2880	244.815455013832
2881	245.186851815668
2882	245.558617687432
2883	245.930752564209
2884	246.303256381087
2885	246.676129073149
2886	247.049370575483
2887	247.422980823173
2888	247.796959751306
2889	248.171307294968
2890	248.546023389243
2891	248.921107969219
2892	249.296560969979
2893	249.672382326611
2894	250.0485719742
2895	250.425129847832
2896	250.802055882592
2897	251.179350013567
2898	251.557012175841
2899	251.935042304502
2900	252.313440334633
2901	252.692206201322
2902	253.071339839654
2903	253.450841184714
2904	253.830710171589
2905	254.210946735364
2906	254.591550811125
2907	254.972522333957
2908	255.353861238947
2909	255.73556746118
2910	256.117640935742
2911	256.500081597718
2912	256.882889382195
2913	257.266064224257
2914	257.649606058992
2915	258.033514821484
2916	258.417790446819
2917	258.802432870083
2918	259.187442026362
2919	259.572817850742
2920	259.958560278307
2921	260.344669244145
2922	260.731144683341
2923	261.117986530979
2924	261.505194722147
2925	261.89276919193
2926	262.280709875414
2927	262.669016707684
2928	263.057689623826
2929	263.446728558926
2930	263.83613344807
2931	264.225904226343
2932	264.616040828831
2933	265.00654319062
2934	265.397411246795
2935	265.788644932443
2936	266.180244182649
2937	266.572208932499
2938	266.964539117078
2939	267.357234671472
2940	267.750295530768
2941	268.14372163005
2942	268.537512904405
2943	268.931669288918
2944	269.326190718675
2945	269.721077128761
2946	270.116328454264
2947	270.511944630267
2948	270.907925591857
2949	271.30427127412
2950	271.700981612141
2951	272.098056541006
2952	272.495495995802
2953	272.893299911613
2954	273.291468223525
2955	273.690000866624
2956	274.088897775996
2957	274.488158886727
2958	274.887784133902
2959	275.287773452607
2960	275.688126777928
2961	276.088844044951
2962	276.48992518876
2963	276.891370144443
2964	277.293178847085
2965	277.69535123177
2966	278.097887233587
2967	278.500786787619
2968	278.904049828953
2969	279.307676292674
2970	279.711666113868
2971	280.116019227622
2972	280.52073556902
2973	280.925815073148
2974	281.331257675093
2975	281.73706330994
2976	282.143231912774
2977	282.549763418681
2978	282.956657762748
2979	283.363914880059
2980	283.771534705701
2981	284.179517174759
2982	284.58786222232
2983	284.996569783468
2984	285.40563979329
2985	285.815072186871
2986	286.224866899297
2987	286.635023865653
2988	287.045543021026
2989	287.456424300502
2990	287.867667639165
2991	288.279272972102
2992	288.691240234399
2993	289.103569361141
2994	289.516260287413
2995	289.929312948303
2996	290.342727278894
2997	290.756503214274
2998	291.170640689528
2999	291.585139639741
3000	292
3001	292.4152221187
3002	292.830807997474
3003	293.246760051269
3004	293.663080695027
3005	294.079772343692
3006	294.49683741221
3007	294.914278315523
3008	295.332097468577
3009	295.750297286315
3010	296.168880183682
3011	296.587848575622
3012	297.007204877079
3013	297.426951502996
3014	297.847090868319
3015	298.267625387992
3016	298.688557476958
3017	299.109889550161
3018	299.531624022547
3019	299.953763309059
3020	300.376309824641
3021	300.799265984237
3022	301.222634202792
3023	301.64641689525
3024	302.070616476554
3025	302.49523536165
3026	302.920275965481
3027	303.345740702991
3028	303.771631989125
3029	304.197952238827
3030	304.62470386704
3031	305.05188928871
3032	305.47951091878
3033	305.907571172194
3034	306.336072463897
3035	306.765017208833
3036	307.194407821945
3037	307.624246718179
3038	308.054536312478
3039	308.485279019786
3040	308.916477255048
3041	309.348133433208
3042	309.780249969209
3043	310.212829277997
3044	310.645873774514
3045	311.079385873707
3046	311.513367990517
3047	311.947822539891
3048	312.382751936771
3049	312.818158596103
3050	313.254044932829
3051	313.690413361895
3052	314.127266298245
3053	314.564606156822
3054	315.002435352572
3055	315.440756300437
3056	315.879571415362
3057	316.318883112292
3058	316.758693806171
3059	317.199005911942
3060	317.63982184455
3061	318.081144018939
3062	318.522974850054
3063	318.965316752838
3064	319.408172142235
3065	319.85154343319
3066	320.295433040647
3067	320.73984337955
3068	321.184776864843
3069	321.630235911471
3070	322.076222934377
3071	322.522740348506
3072	322.969790568801
3073	323.417376010208
3074	323.86549908767
3075	324.314162216132
3076	324.763367810536
3077	325.213118285829
3078	325.663416056954
3079	326.114263538854
3080	326.565663146475
3081	327.01761729476
3082	327.470128398654
3083	327.9231988731
3084	328.376831133043
3085	328.831027593428
3086	329.285790669197
3087	329.741122775296
3088	330.197026326668
3089	330.653503738259
3090	331.110557425011
3091	331.568189801869
3092	332.026403283777
3093	332.48520028568
3094	332.944583222521
3095	333.404554509244
3096	333.865116560795
3097	334.326271792117
3098	334.788022618154
3099	335.25037145385
3100	335.71332071415
3101	336.176872813997
3102	336.641030168337
3103	337.105795192112
3104	337.571170300268
3105	338.037157907748
3106	338.503760429496
3107	338.970980280457
3108	339.438819875575
3109	339.907281629794
3110	340.376367958059
3111	340.846081275312
3112	341.316423996499
3113	341.787398536564
3114	342.259007310451
3115	342.731252733104
3116	343.204137219466
3117	343.677663184484
3118	344.151833043099
3119	344.626649210258
3120	345.102114100903
3121	345.578230129979
3122	346.054999712431
3123	346.532425263202
3124	347.010509197236
3125	347.489253929478
3126	347.968661874872
3127	348.448735448361
3128	348.929477064892
3129	349.410889139406
3130	349.892974086849
3131	350.375734322164
3132	350.859172260297
3133	351.34329031619
3134	351.828090904789
3135	352.313576441037
3136	352.799749339878
3137	353.286612016257
3138	353.774166885118
3139	354.262416361405
3140	354.751362860062
3141	355.241008796033
3142	355.731356584263
3143	356.222408639696
3144	356.714167377275
3145	357.206635211946
3146	357.699814558651
3147	358.193707832336
3148	358.688317447945
3149	359.183645820421
3150	359.679695364708
3151	360.176468495752
3152	360.673967628496
3153	361.172195177885
3154	361.671153558862
3155	362.170845186371
3156	362.671272475358
3157	363.172437840765
3158	363.674343697537
3159	364.176992460619
3160	364.680386544955
3161	365.184528365487
3162	365.689420337162
3163	366.195064874923
3164	366.701464393714
3165	367.208621308479
3166	367.716538034163
3167	368.225216985709
3168	368.734660578062
3169	369.244871226167
3170	369.755851344966
3171	370.267603349404
3172	370.780129654427
3173	371.293432674976
3174	371.807514825998
3175	372.322378522435
3176	372.838026179233
3177	373.354460211335
3178	373.871683033685
3179	374.389697061229
3180	374.908504708908
3181	375.428108391669
3182	375.948510524455
3183	376.469713522211
3184	376.99171979988
3185	377.514531772406
3186	378.038151854734
3187	378.562582461808
3188	379.087826008573
3189	379.613884909971
3190	380.140761580948
3191	380.668458436448
3192	381.196977891415
3193	381.726322360792
3194	382.256494259525
3195	382.787496002557
3196	383.319330004832
3197	383.851998681295
3198	384.38550444689
3199	384.919849716561
3200	385.455036905252
3201	385.991068427907
3202	386.527946699471
3203	387.065674134887
3204	387.6042531491
3205	388.143686157054
3206	388.683975573693
3207	389.225123813962
3208	389.767133292804
3209	390.310006425163
3210	390.853745625984
3211	391.398353310212
3212	391.943831892789
3213	392.490183788661
3214	393.037411412771
3215	393.585517180063
3216	394.134503505483
3217	394.684372803973
3218	395.235127490479
3219	395.786769979944
3220	396.339302687312
3221	396.892728027528
3222	397.447048415536
3223	398.002266266279
3224	398.558383994703
3225	399.115404015751
3226	399.673328744367
3227	400.232160595497
3228	400.791901984082
3229	401.352555325069
3230	401.914123033401
3231	402.476607524022
3232	403.040011211877
3233	403.604336511909
3234	404.169585839063
3235	404.735761608283
3236	405.302866234513
3237	405.870902132697
3238	406.43987171778
3239	407.009777404705
3240	407.580621608417
3241	408.15240674386
3242	408.725135225978
3243	409.298809469716
3244	409.873431890016
3245	410.449004901825
3246	411.025530920085
3247	411.603012359741
3248	412.181451635737
3249	412.760851163017
3250	413.341213356526
3251	413.922540631208
3252	414.504835402006
3253	415.088100083865
3254	415.672337091729
3255	416.257548840543
3256	416.84373774525
3257	417.430906220794
3258	418.01905668212
3259	418.608191544172
3260	419.198313221895
3261	419.789424130231
3262	420.381526684126
3263	420.974623298524
3264	421.568716388368
3265	422.163808368603
3266	422.759901654173
3267	423.356998660023
3268	423.955101801095
3269	424.554213492336
3270	425.154336148688
3271	425.755472185096
3272	426.357624016504
3273	426.960794057857
3274	427.564984724098
3275	428.170198430171
3276	428.776437591021
3277	429.383704621592
3278	429.992001936829
3279	430.601331951674
3280	431.211697081073
3281	431.823099739969
3282	432.435542343307
3283	433.049027306031
3284	433.663557043085
3285	434.279133969413
3286	434.89576049996
3287	435.513439049669
3288	436.132172033485
3289	436.751961866352
3290	437.372810963214
3291	437.994721739015
3292	438.6176966087
3293	439.241737987212
3294	439.866848289496
3295	440.493029930496
3296	441.120285325155
3297	441.74861688842
3298	442.378027035232
3299	443.008518180537
3300	443.640092739279
3301	444.272753126401
3302	444.906501756849
3303	445.541341045566
3304	446.177273407496
3305	446.814301257584
3306	447.452427010774
3307	448.091653082009
3308	448.731981886234
3309	449.373415838394
3310	450.015957353432
3311	450.659608846293
3312	451.30437273192
3313	451.950251425259
3314	452.597247341252
3315	453.245362894844
3316	453.89460050098
3317	454.544962574604
3318	455.196451530659
3319	455.84906978409
3320	456.502819749841
3321	457.157703842856
3322	457.81372447808
3323	458.470884070456
3324	459.129185034929
3325	459.788629786442
3326	460.449220739941
3327	461.110960310369
3328	461.773850912671
3329	462.43789496179
3330	463.10309487267
3331	463.769453060257
3332	464.436971939493
3333	465.105653925324
3334	465.775501432693
3335	466.446516876545
3336	467.118702671823
3337	467.792061233472
3338	468.466594976436
3339	469.14230631566
3340	469.819197666086
3341	470.497271442661
3342	471.176530060327
3343	471.856975934029
3344	472.53861147871
3345	473.221439109317
3346	473.905461240791
3347	474.590680288078
3348	475.277098666122
3349	475.964718789866
3350	476.653543074256
3351	477.343573934234
3352	478.034813784746
3353	478.727265040736
3354	479.420930117147
3355	480.115811428924
3356	480.811911391012
3357	481.509232418353
3358	482.207776925893
3359	482.907547328575
3360	483.608546041344
3361	484.310775479143
3362	485.014238056918
3363	485.718936189612
3364	486.424872292169
3365	487.132048779534
3366	487.840468066651
3367	488.550132568463
3368	489.261044699915
3369	489.973206875952
3370	490.686621511517
3371	491.401291021554
3372	492.117217821008
3373	492.834404324823
3374	493.552852947943
3375	494.272566105312
3376	494.993546211874
3377	495.715795682574
3378	496.439316932355
3379	497.164112376163
3380	497.89018442894
3381	498.617535505632
3382	499.346168021182
3383	500.076084390534
3384	500.807287028633
3385	501.539778350423
3386	502.273560770848
3387	503.008636704852
3388	503.745008567379
3389	504.482678773374
3390	505.221649737781
3391	505.961923875543
3392	506.703503601605
3393	507.446391330912
3394	508.190589478407
3395	508.936100459034
3396	509.682926687738
3397	510.431070579463
3398	511.180534549153
3399	511.931321011751
3400	512.683432382204
3401	513.436871075454
3402	514.191639506445
3403	514.947740090122
3404	515.70517524143
3405	516.463947375311
3406	517.224058906711
3407	517.985512250573
3408	518.748309821841
3409	519.512454035461
3410	520.277947306376
3411	521.044792049529
3412	521.812990679867
3413	522.582545612331
3414	523.353459261867
3415	524.125734043419
3416	524.899372371931
3417	525.674376662347
3418	526.450749329612
3419	527.228492788669
3420	528.007609454462
3421	528.788101741937
3422	529.569972066036
3423	530.353222841704
3424	531.137856483886
3425	531.923875407525
3426	532.711282027566
3427	533.500078758953
3428	534.29026801663
3429	535.08185221554
3430	535.874833770629
3431	536.669215096841
3432	537.464998609119
3433	538.262186722408
3434	539.060781851652
3435	539.860786411795
3436	540.662202817782
3437	541.465033484555
3438	542.269280827061
3439	543.074947260242
3440	543.882035199043
3441	544.690547058409
3442	545.500485253282
3443	546.311852198608
3444	547.124650309331
3445	547.938882000395
3446	548.754549686743
3447	549.571655783321
3448	550.390202705071
3449	551.21019286694
3450	552.03162868387
3451	552.854512570805
3452	553.678846942691
3453	554.504634214471
3454	555.331876801089
3455	556.16057711749
3456	556.990737578617
3457	557.822360599415
3458	558.655448594827
3459	559.490003979799
3460	560.326029169275
3461	561.163526578197
3462	562.002498621512
3463	562.842947714162
3464	563.684876271092
3465	564.528286707246
3466	565.373181437569
3467	566.219562877003
3468	567.067433440495
3469	567.916795542987
3470	568.767651599424
3471	569.620004024751
3472	570.47385523391
3473	571.329207641847
3474	572.186063663506
3475	573.04442571383
3476	573.904296207764
3477	574.765677560253
3478	575.628572186239
3479	576.492982500669
3480	577.358910918484
3481	578.226359854631
3482	579.095331724052
3483	579.965828941693
3484	580.837853922497
3485	581.711409081408
3486	582.586496833371
3487	583.463119593329
3488	584.341279776228
3489	585.22097979701
3490	586.102222070621
3491	586.985009012004
3492	587.869343036104
3493	588.755226557865
3494	589.64266199223
3495	590.531651754145
3496	591.422198258553
3497	592.314303920398
3498	593.207971154625
3499	594.103202376177
3500	595
3501	595.898365199402
3502	596.798294181156
3503	597.699781910399
3504	598.602823352269
3505	599.507413471904
3506	600.413547234441
3507	601.321219605017
3508	602.23042554877
3509	603.141160030839
3510	604.05341801636
3511	604.96719447047
3512	605.882484358309
3513	606.799282645013
3514	607.717584295719
3515	608.637384275566
3516	609.558677549692
3517	610.481459083232
3518	611.405723841326
3519	612.331466789111
3520	613.258682891724
3521	614.187367114303
3522	615.117514421986
3523	616.04911977991
3524	616.982178153213
3525	617.916684507033
3526	618.852633806506
3527	619.790021016771
3528	620.728841102965
3529	621.669089030226
3530	622.610759763691
3531	623.553848268499
3532	624.498349509786
3533	625.44425845269
3534	626.391570062349
3535	627.3402793039
3536	628.290381142481
3537	629.24187054323
3538	630.194742471284
3539	631.148991891781
3540	632.104613769858
3541	633.061603070653
3542	634.019954759303
3543	634.979663800947
3544	635.940725160722
3545	636.903133803765
3546	637.866884695214
3547	638.831972800206
3548	639.79839308388
3549	640.766140511372
3550	641.73521004782
3551	642.705596658363
3552	643.677295308137
3553	644.65030096228
3554	645.62460858593
3555	646.600213144224
3556	647.577109602301
3557	648.555292925296
3558	649.534758078349
3559	650.515500026597
3560	651.497513735176
3561	652.480794169226
3562	653.465336293883
3563	654.451135074286
3564	655.438185475571
3565	656.426482462876
3566	657.416021001339
3567	658.406796056098
3568	659.39880259229
3569	660.392035575052
3570	661.386489969523
3571	662.382160740839
3572	663.379042854139
3573	664.37713127456
3574	665.37642096724
3575	666.376906897316
3576	667.378584029926
3577	668.381447330207
3578	669.385491763298
3579	670.390712294335
3580	671.397103888456
3581	672.404661510799
3582	673.413380126502
3583	674.423254700701
3584	675.434280198535
3585	676.446451585142
3586	677.459763825658
3587	678.474211885222
3588	679.48979072897
3589	680.506495322042
3590	681.524320629573
3591	682.543261616703
3592	683.563313248568
3593	684.584470490305
3594	685.606728307054
3595	686.63008166395
3596	687.654525526133
3597	688.680054858738
3598	689.706664626905
3599	690.734349795771
3600	691.763105330472
3601	692.792926196147
3602	693.823807357934
3603	694.85574378097
3604	695.888730430392
3605	696.922762271338
3606	697.957834268946
3607	698.993941388354
3608	700.031078594698
3609	701.069240853117
3610	702.108423128748
3611	703.148620386729
3612	704.189827592198
3613	705.232039710291
3614	706.275251706147
3615	707.319458544903
3616	708.364655191696
3617	709.410836611665
3618	710.457997769947
3619	711.50613363168
3620	712.555239162
3621	713.605309326046
3622	714.656339088956
3623	715.708323415866
3624	716.761257271915
3625	717.815135622241
3626	718.869953431979
3627	719.92570566627
3628	720.982387290249
3629	722.039993269054
3630	723.098518567824
3631	724.157958151695
3632	725.218306985805
3633	726.279560035293
3634	727.341712265295
3635	728.404758640949
3636	729.468694127393
3637	730.533513689764
3638	731.599212293199
3639	732.665784902838
3640	733.733226483816
3641	734.801532001272
3642	735.870696420343
3643	736.940714706167
3644	738.011581823882
3645	739.083292738625
3646	740.155842415533
3647	741.229225819744
3648	742.303437916397
3649	743.378473670627
3650	744.454328047574
3651	745.530996012375
3652	746.608472530166
3653	747.686752566087
3654	748.765831085274
3655	749.845703052865
3656	750.926363433997
3657	752.007807193809
3658	753.090029297438
3659	754.173024710021
3660	755.256788396696
3661	756.3413153226
3662	757.426600452872
3663	758.512638752648
3664	759.599425187067
3665	760.686954721266
3666	761.775222320383
3667	762.864222949555
3668	763.953951573919
3669	765.044403158614
3670	766.135572668777
3671	767.227455069545
3672	768.320045326057
3673	769.413338403449
3674	770.50732926686
3675	771.602012881426
3676	772.697384212286
3677	773.793438224578
3678	774.890169883438
3679	775.987574154004
3680	777.085646001414
3681	778.184380390806
3682	779.283772287317
3683	780.383816656085
3684	781.484508462247
3685	782.585842670941
3686	783.687814247305
3687	784.790418156475
3688	785.893649363591
3689	786.997502833788
3690	788.101973532206
3691	789.207056423981
3692	790.312746474251
3693	791.419038648154
3694	792.525927910827
3695	793.633409227408
3696	794.741477563035
3697	795.850127882845
3698	796.959355151975
3699	798.069154335564
3700	799.179520398748
3701	800.290448306666
3702	801.401933024455
3703	802.513969517253
3704	803.626552750197
3705	804.739677688425
3706	805.853339297074
3707	806.967532541282
3708	808.082252386187
3709	809.197493796927
3710	810.313251738638
3711	811.429521176458
3712	812.546297075526
3713	813.663574400978
3714	814.781348117953
3715	815.899613191587
3716	817.018364587019
3717	818.137597269386
3718	819.257306203825
3719	820.377486355475
3720	821.498132689472
3721	822.619240170955
3722	823.740803765061
3723	824.862818436928
3724	825.985279151692
3725	827.108180874493
3726	828.231518570467
3727	829.355287204751
3728	830.479481742485
3729	831.604097148805
3730	832.729128388848
3731	833.854570427753
3732	834.980418230657
3733	836.106666762697
3734	837.233310989012
3735	838.360345874738
3736	839.487766385014
3737	840.615567484977
3738	841.743744139764
3739	842.872291314514
3740	844.001203974363
3741	845.130477084449
3742	846.260105609911
3743	847.390084515885
3744	848.520408767509
3745	849.651073329921
3746	850.782073168258
3747	851.913403247658
3748	853.045058533259
3749	854.177033990198
3750	855.309324583613
3751	856.44192527864
3752	857.574831040419
3753	858.708036834087
3754	859.84153762478
3755	860.975328377638
3756	862.109404057796
3757	863.243759630393
3758	864.378390060567
3759	865.513290313455
3760	866.648455354195
3761	867.783880147924
3762	868.91955965978
3763	870.0554888549
3764	871.191662698423
3765	872.328076155485
3766	873.464724191224
3767	874.601601770779
3768	875.738703859285
3769	876.876025421882
3770	878.013561423707
3771	879.151306829897
3772	880.289256605589
3773	881.427405715922
3774	882.565749126034
3775	883.70428180106
3776	884.842998706141
3777	885.981894806411
3778	887.120965067011
3779	888.260204453076
3780	889.399607929745
3781	890.539170462155
3782	891.678887015444
3783	892.81875255475
3784	893.958762045209
3785	895.09891045196
3786	896.239192740141
3787	897.379603874888
3788	898.52013882134
3789	899.660792544633
3790	900.801560009906
3791	901.942436182297
3792	903.083416026942
3793	904.22449450898
3794	905.365666593547
3795	906.506927245782
3796	907.648271430823
3797	908.789694113806
3798	909.931190259869
3799	911.072754834151
3800	912.214382801788
3801	913.356069127918
3802	914.497808777679
3803	915.639596716209
3804	916.781427908644
3805	917.923297320123
3806	919.065199915783
3807	920.207130660762
3808	921.349084520197
3809	922.491056459226
3810	923.633041442987
3811	924.775034436617
3812	925.917030405254
3813	927.059024314034
3814	928.201011128097
3815	929.34298581258
3816	930.484943332619
3817	931.626878653353
3818	932.76878673992
3819	933.910662557456
3820	935.0525010711
3821	936.194297245989
3822	937.336046047261
3823	938.477742440053
3824	939.619381389503
3825	940.760957860749
3826	941.902466818927
3827	943.043903229177
3828	944.185262056634
3829	945.326538266438
3830	946.467726823725
3831	947.608822693633
3832	948.749820841299
3833	949.890716231862
3834	951.031503830459
3835	952.172178602228
3836	953.312735512305
3837	954.453169525829
3838	955.593475607937
3839	956.733648723768
3840	957.873683838457
3841	959.013575917144
3842	960.153319924965
3843	961.292910827059
3844	962.432343588562
3845	963.571613174613
3846	964.710714550349
3847	965.849642680907
3848	966.988392531426
3849	968.126959067043
3850	969.265337252895
3851	970.40352205412
3852	971.541508435855
3853	972.679291363239
3854	973.816865801409
3855	974.954226715502
3856	976.091369070656
3857	977.228287832009
3858	978.364977964698
3859	979.50143443386
3860	980.637652204634
3861	981.773626242157
3862	982.909351511567
3863	984.044822978001
3864	985.180035606596
3865	986.314984362491
3866	987.449664210823
3867	988.58407011673
3868	989.718197045349
3869	990.852039961817
3870	991.985593831273
3871	993.118853618854
3872	994.251814289697
3873	995.384470808941
3874	996.516818141722
3875	997.648851253178
3876	998.780565108448
3877	999.911954672668
3878	1001.04301491098
3879	1002.17374078851
3880	1003.30412727041
3881	1004.43416932181
3882	1005.56386190784
3883	1006.69319999366
3884	1007.82217854438
3885	1008.95079252516
3886	1010.07903690113
3887	1011.20690663742
3888	1012.33439669918
3889	1013.46150205154
3890	1014.58821765964
3891	1015.71453848861
3892	1016.8404595036
3893	1017.96597566974
3894	1019.09108195217
3895	1020.21577331603
3896	1021.34004472646
3897	1022.46389114858
3898	1023.58730754755
3899	1024.71028888849
3900	1025.83283013655
3901	1026.95492625686
3902	1028.07657221457
3903	1029.1977629748
3904	1030.31849350269
3905	1031.43875876339
3906	1032.55855372203
3907	1033.67787334375
3908	1034.79671259369
3909	1035.91506643698
3910	1037.03292983876
3911	1038.15029776417
3912	1039.26716517834
3913	1040.38352704642
3914	1041.49937833354
3915	1042.61471400484
3916	1043.72952902546
3917	1044.84381836053
3918	1045.95757697519
3919	1047.07079983458
3920	1048.18348190384
3921	1049.29561814811
3922	1050.40720353252
3923	1051.5182330222
3924	1052.62870158231
3925	1053.73860417797
3926	1054.84793577432
3927	1055.9566913365
3928	1057.06486582966
3929	1058.17245421891
3930	1059.27945146941
3931	1060.38585254629
3932	1061.49165241469
3933	1062.59684603975
3934	1063.7014283866
3935	1064.80539442038
3936	1065.90873910623
3937	1067.01145740928
3938	1068.11354429468
3939	1069.21499472756
3940	1070.31580367306
3941	1071.41596609632
3942	1072.51547696247
3943	1073.61433123665
3944	1074.712523884
3945	1075.81004986966
3946	1076.90690415877
3947	1078.00308171645
3948	1079.09857750786
3949	1080.19338649812
3950	1081.28750365238
3951	1082.38092393577
3952	1083.47364231343
3953	1084.5656537505
3954	1085.65695321212
3955	1086.74753566342
3956	1087.83739606954
3957	1088.92652939562
3958	1090.01493060679
3959	1091.1025946682
3960	1092.18951654497
3961	1093.27569120226
3962	1094.36111360519
3963	1095.44577871891
3964	1096.52968150855
3965	1097.61281693925
3966	1098.69517997614
3967	1099.77676558437
3968	1100.85756872907
3969	1101.93758437538
3970	1103.01680748843
3971	1104.09523303338
3972	1105.17285597534
3973	1106.24967127946
3974	1107.32567391088
3975	1108.40085883474
3976	1109.47522101617
3977	1110.54875542031
3978	1111.62145701229
3979	1112.69332075727
3980	1113.76434162036
3981	1114.83451456672
3982	1115.90383456147
3983	1116.97229656976
3984	1118.03989555672
3985	1119.1066264875
3986	1120.17248432722
3987	1121.23746404103
3988	1122.30156059406
3989	1123.36476895146
3990	1124.42708407835
3991	1125.48850093988
3992	1126.54901450119
3993	1127.6086197274
3994	1128.66731158367
3995	1129.72508503512
3996	1130.7819350469
3997	1131.83785658413
3998	1132.89284461197
3999	1133.94689409555
4000	1135
4001	1136.05215729046
4002	1137.10336093208
4003	1138.15360588998
4004	1139.20288712931
4005	1140.2511996152
4006	1141.29853831279
4007	1142.34489818721
4008	1143.39027420362
4009	1144.43466132714
4010	1145.47805452291
4011	1146.52044875606
4012	1147.56183899175
4013	1148.60222019509
4014	1149.64158733124
4015	1150.67993536533
4016	1151.71725926249
4017	1152.75355398787
4018	1153.7888145066
4019	1154.82303578382
4020	1155.85621278466
4021	1156.88834047427
4022	1157.91941381779
4023	1158.94942778034
4024	1159.97837732707
4025	1161.00625742311
4026	1162.03306303361
4027	1163.0587891237
4028	1164.08343065851
4029	1165.10698260319
4030	1166.12943992287
4031	1167.1507975827
4032	1168.1710505478
4033	1169.19019378331
4034	1170.20822225438
4035	1171.22513092615
4036	1172.24091476374
4037	1173.25556873229
4038	1174.26908779695
4039	1175.28146692285
4040	1176.29270107513
4041	1177.30278521893
4042	1178.31171431938
4043	1179.31948334162
4044	1180.32608725079
4045	1181.33152101202
4046	1182.33577959047
4047	1183.33885795125
4048	1184.34075105951
4049	1185.34145388039
4050	1186.34096137903
4051	1187.33926852056
4052	1188.33637027012
4053	1189.33226159284
4054	1190.32693745387
4055	1191.32039281835
4056	1192.3126226514
4057	1193.30362191817
4058	1194.2933855838
4059	1195.28190861342
4060	1196.26918597217
4061	1197.25521262519
4062	1198.23998353762
4063	1199.22349367459
4064	1200.20573800124
4065	1201.18671148271
4066	1202.16640908413
4067	1203.14482577065
4068	1204.12195650741
4069	1205.09779625953
4070	1206.07233999215
4071	1207.04558267042
4072	1208.01751925948
4073	1208.98814472445
4074	1209.95745403048
4075	1210.92544214271
4076	1211.89210402626
4077	1212.85743464629
4078	1213.82142896793
4079	1214.78408195631
4080	1215.74538857657
4081	1216.70534379385
4082	1217.66394257329
4083	1218.62117988003
4084	1219.5770506792
4085	1220.53154993594
4086	1221.48467261539
4087	1222.43641368268
4088	1223.38676810296
4089	1224.33573084136
4090	1225.28329686302
4091	1226.22946113307
4092	1227.17421861666
4093	1228.11756427892
4094	1229.05949308499
4095	1230
